0.290262718,0.309988765,0.232993549,0.243811058
0.279445208,0.278808884,0.250810624,0.260991809
0.259719161,0.254628568,0.230448252,0.276899912
0.23935679,0.245720031,0.19290513,0.27817256
0.227266632,0.245720031,0.164270546,0.283899477
0.229175604,0.235538845,0.135635961,0.290899042
0.220903391,0.241265762,0.163634222,0.293444338
0.219630743,0.25335592,0.199904695,0.294080662
0.225357659,0.252083272,0.196723075,0.290262718
0.224085011,0.243174734,0.16808849,0.280081532
0.224085011,0.240629438,0.154725684,0.273081967
0.232357225,0.236175169,0.166815842,0.269900347
0.246992679,0.222176039,0.204358964,0.267991374
0.252719596,0.21454015,0.229811928,0.263537106
0.262264457,0.215176474,0.25653754,0.260991809
0.257810189,0.21772177,0.277536236,0.250174299
0.25335592,0.219630743,0.28135418,0.234266197
0.24253841,0.211994853,0.259719161,0.218994418
0.234902521,0.206904261,0.238720466,0.208813233
0.231084576,0.221539715,0.231720901,0.185905565
0.230448252,0.243811058,0.234266197,0.170633787
0.232993549,0.262900781,0.249537975,0.159179953
0.232357225,0.271809319,0.26417343,0.159816277
0.231720901,0.273081967,0.27817256,0.171270111
0.234266197,0.269264022,0.277536236,0.185905565
0.225993984,0.25653754,0.28135418,0.194814103
0.222812363,0.234266197,0.309352441,0.208813233
0.231084576,0.213903826,0.333532757,0.222176039
0.240629438,0.209449557,0.334169081,0.24253841
0.232993549,0.199268371,0.311897737,0.255264892
0.215176474,0.190359834,0.275627263,0.266718726
0.226630308,0.196723075,0.252719596,0.271172995
0.240629438,0.23935679,0.265446078,0.273718291
0.252083272,0.268627698,0.271809319,0.272445643
0.264809754,0.266082402,0.263537106,0.273081967
0.272445643,0.262264457,0.283899477,0.266082402
0.267991374,0.282626829,0.335441729,0.266718726
0.257173865,0.291535366,0.365985286,0.266718726
0.261628133,0.284535801,0.341168646,0.270536671
0.269264022,0.28135418,0.298534931,0.283899477
0.268627698,0.287081097,0.283263153,0.293444338
0.273081967,0.296625959,0.280081532,0.290899042
0.280081532,0.298534931,0.276263588,0.287717421
0.284535801,0.290262718,0.255264892,0.273081967
0.287081097,0.273081967,0.17572438,0.278808884
0.286444773,0.25653754,0.081548413,0.288353745
0.283263153,0.259082837,0.08727533,0.28899007
0.280717856,0.262264457,0.121636831,0.285172125
0.280717856,0.264809754,0.122273155,0.280081532
0.280717856,0.254628568,0.118455211,0.276263588
0.276899912,0.245083707,0.138817582,0.267991374
0.265446078,0.241902086,0.166179518,0.265446078
0.25335592,0.246356355,0.178906,0.259719161
0.240629438,0.257173865,0.192268806,0.252719596
0.225993984,0.26417343,0.202449992,0.248265327
0.21772177,0.252083272,0.224721335,0.241265762
0.224721335,0.237447817,0.234902521,0.229175604
0.222812363,0.21772177,0.234902521,0.20372264
0.215812798,0.195450427,0.232357225,0.188450862
0.206267936,0.181451297,0.24253841,0.181451297
0.207540585,0.180178648,0.275627263,0.182087621
0.207540585,0.197995723,0.312534061,0.180814972
0.217085446,0.210722205,0.336078053,0.180814972
0.234902521,0.209449557,0.332896433,0.178269676
0.246356355,0.215812798,0.299807579,0.182723945
0.255264892,0.209449557,0.285808449,0.191632482
0.257810189,0.198632047,0.297898607,0.206904261
0.252719596,0.198632047,0.300443903,0.216449122
0.239993114,0.211358529,0.280081532,0.227266632
0.229811928,0.222176039,0.255901216,0.234902521
0.230448252,0.231720901,0.259082837,0.245083707
0.234902521,0.24253841,0.271172995,0.252083272
0.239993114,0.266718726,0.280717856,0.25653754
0.235538845,0.28899007,0.276899912,0.259082837
0.243811058,0.304261848,0.281990504,0.262900781
0.260355485,0.311897737,0.318260978,0.26417343
0.270536671,0.322715247,0.344350266,0.265446078
0.259719161,0.326533192,0.339895998,0.262264457
0.25335592,0.335441729,0.337987025,0.270536671
0.246992679,0.340532322,0.33098746,0.283899477
0.238084142,0.337987025,0.296625959,0.292808014
0.237447817,0.306807144,0.25653754,0.29217169
0.241265762,0.25335592,0.25335592,0.285172125
0.23935679,0.20372264,0.238720466,0.278808884
0.245720031,0.183996593,0.21772177,0.276899912
0.252719596,0.204358964,0.205631612,0.283263153
0.259082837,0.235538845,0.20054102,0.283899477
0.262264457,0.259719161,0.171270111,0.285808449
0.265446078,0.262900781,0.124818452,0.283263153
0.26735505,0.254628568,0.107637701,0.282626829
0.26417343,0.244447383,0.143271851,0.274354615
0.262264457,0.234902521,0.180814972,0.264809754
0.273081967,0.229175604,0.187814538,0.260355485
0.276899912,0.229811928,0.192268806,0.259719161
0.269900347,0.22853928,0.215812798,0.254628568
0.259719161,0.217085446,0.252719596,0.250810624
0.254628568,0.203086316,0.289626394,0.244447383
0.232357225,0.182723945,0.320806275,0.236175169
0.206904261,0.180178648,0.329078488,0.221539715
0.19290513,0.196723075,0.302352876,0.204995288
0.195450427,0.222176039,0.247629003,0.196723075
0.199268371,0.236175169,0.215176474,0.186541889
0.206267936,0.263537106,0.197359399,0.177633352
0.226630308,0.283899477,0.190996158,0.178269676
0.245083707,0.28899007,0.187814538,0.181451297
0.255901216,0.276263588,0.206904261,0.193541454
0.259719161,0.260355485,0.225993984,0.208813233
0.250810624,0.245720031,0.257173865,0.213267502
0.241902086,0.232357225,0.289626394,0.218994418
0.238084142,0.208176909,0.309352441,0.239993114
0.236175169,0.194814103,0.317624654,0.250174299
0.244447383,0.202449992,0.308716117,0.251446948
0.248265327,0.226630308,0.287717421,0.247629003
0.251446948,0.248901651,0.263537106,0.246992679
0.262900781,0.28135418,0.248901651,0.25335592
0.276899912,0.302352876,0.248265327,0.259719161
0.28135418,0.310625089,0.243811058,0.25653754
0.278808884,0.308716117,0.222812363,0.258446513
0.279445208,0.302352876,0.198632047,0.269264022
0.272445643,0.297262283,0.211994853,0.278808884
0.265446078,0.281990504,0.224721335,0.27817256
0.257810189,0.258446513,0.224721335,0.273718291
0.25335592,0.238084142,0.227266632,0.271809319
0.248265327,0.220903391,0.232993549,0.270536671
0.245083707,0.199904695,0.244447383,0.274990939
0.241902086,0.185269241,0.250174299,0.290262718
0.234902521,0.211994853,0.259082837,0.301716552
0.232993549,0.246356355,0.260355485,0.294716986
0.236811493,0.243174734,0.26417343,0.282626829
0.239993114,0.245720031,0.283899477,0.272445643
0.241902086,0.260991809,0.303625524,0.268627698
0.253992244,0.276263588,0.315079358,0.276263588
0.271809319,0.26417343,0.311897737,0.288353745
0.27817256,0.232357225,0.294716986,0.290899042
0.26735505,0.213903826,0.252083272,0.281990504
0.25335592,0.221539715,0.235538845,0.268627698
0.257173865,0.210722205,0.250810624,0.25653754
0.263537106,0.178269676,0.257173865,0.241902086
0.258446513,0.157270981,0.243811058,0.217085446
0.249537975,0.155998333,0.226630308,0.185269241
0.246356355,0.183996593,0.213267502,0.165543194
0.249537975,0.235538845,0.194177779,0.155362008
0.245083707,0.288353745,0.160452601,0.154725684
0.232357225,0.310625089,0.115909914,0.161088925
0.232993549,0.29217169,0.089820626,0.169997463
0.22853928,0.269900347,0.118455211,0.176360704
0.229175604,0.247629003,0.190996158,0.183996593
0.229811928,0.232357225,0.259082837,0.194814103
0.229811928,0.21772177,0.297898607,0.21772177
0.220903391,0.202449992,0.308716117,0.241265762
0.208813233,0.207540585,0.307443468,0.255264892
0.205631612,0.229175604,0.303625524,0.268627698
0.217085446,0.263537106,0.29217169,0.278808884
0.227266632,0.284535801,0.283263153,0.281990504
0.229175604,0.3029892,0.269264022,0.277536236
0.227266632,0.323351571,0.270536671,0.271809319
0.234266197,0.341168646,0.28135418,0.273081967
0.23935679,0.339259674,0.290899042,0.277536236
0.237447817,0.331623784,0.288353745,0.287717421
0.243174734,0.313806709,0.269900347,0.293444338
0.246992679,0.29217169,0.250810624,0.292808014
0.248265327,0.281990504,0.234266197,0.287717421
0.250174299,0.27817256,0.225993984,0.280717856
0.249537975,0.268627698,0.21772177,0.274990939
0.243811058,0.25335592,0.204995288,0.273081967
0.241902086,0.243174734,0.201813668,0.27817256
0.246356355,0.246992679,0.208813233,0.280081532
0.252083272,0.231720901,0.199904695,0.276899912
0.259719161,0.211994853,0.180814972,0.274990939
0.26735505,0.208813233,0.177633352,0.269900347
0.278808884,0.215176474,0.204358964,0.26417343
0.285172125,0.215812798,0.244447383,0.257810189
0.293444338,0.218994418,0.271809319,0.253992244
0.289626394,0.21772177,0.27817256,0.257810189
0.278808884,0.222176039,0.281990504,0.258446513
0.275627263,0.21772177,0.274990939,0.259082837
0.283263153,0.222176039,0.247629003,0.249537975
0.279445208,0.225993984,0.234902521,0.234902521
0.274354615,0.226630308,0.255264892,0.211994853
0.254628568,0.225357659,0.290262718,0.194177779
0.238084142,0.236811493,0.304261848,0.178269676
0.22853928,0.252083272,0.294080662,0.16808849
0.225993984,0.260355485,0.27817256,0.169361139
0.231720901,0.252083272,0.255901216,0.178906
0.230448252,0.249537975,0.252719596,0.19290513
0.231084576,0.238720466,0.262900781,0.201813668
0.229175604,0.220903391,0.282626829,0.211994853
0.227266632,0.213267502,0.298534931,0.223448687
0.223448687,0.194814103,0.305534496,0.231084576
0.220267067,0.159179953,0.300443903,0.245083707
0.223448687,0.145817147,0.297898607,0.262264457
0.219630743,0.159816277,0.283899477,0.271809319
0.21772177,0.212631177,0.257173865,0.272445643
0.241265762,0.263537106,0.245720031,0.274990939
0.265446078,0.295353311,0.245720031,0.273081967
0.278808884,0.332260108,0.252083272,0.267991374
0.273718291,0.350713507,0.250174299,0.265446078
0.266082402,0.351349831,0.250810624,0.258446513
0.26735505,0.353895128,0.249537975,0.257810189
0.266082402,0.35262248,0.249537975,0.262264457
0.260355485,0.332260108,0.248265327,0.26735505
0.259082837,0.308716117,0.249537975,0.269900347
0.25335592,0.291535366,0.238720466,0.269264022
0.243811058,0.275627263,0.225993984,0.269264022
0.22853928,0.257810189,0.210722205,0.273718291
0.225993984,0.244447383,0.21454015,0.282626829
0.234902521,0.239993114,0.218994418,0.289626394
0.240629438,0.241902086,0.207540585,0.288353745
0.240629438,0.238084142,0.210085881,0.292808014
0.250810624,0.243174734,0.211994853,0.290262718
0.262900781,0.237447817,0.212631177,0.278808884
0.265446078,0.220267067,0.199904695,0.268627698
0.262900781,0.209449557,0.183996593,0.260991809
0.257810189,0.211358529,0.20372264,0.255264892
0.245083707,0.217085446,0.220267067,0.241265762
0.232993549,0.224085011,0.207540585,0.234266197
0.236175169,0.224085011,0.197995723,0.224721335
0.241265762,0.210085881,0.212631177,0.211994853
0.244447383,0.194177779,0.238720466,0.201177344
0.238720466,0.192268806,0.259719161,0.185269241
0.225357659,0.210722205,0.275627263,0.17572438
0.218358094,0.234266197,0.286444773,0.172542759
0.219630743,0.250810624,0.308079793,0.169997463
0.219630743,0.254628568,0.307443468,0.173179083
0.21454015,0.259719161,0.283899477,0.184632917
0.212631177,0.252719596,0.267991374,0.199268371
0.222176039,0.244447383,0.316352006,0.215812798
0.233629873,0.239993114,0.375530147,0.229175604
0.244447383,0.232357225,0.36980323,0.243811058
0.259719161,0.207540585,0.297262283,0.255901216
0.26735505,0.175088056,0.255264892,0.255901216
0.272445643,0.160452601,0.237447817,0.25653754
0.266718726,0.176997028,0.220903391,0.259719161
0.260355485,0.20054102,0.225357659,0.260991809
0.262900781,0.230448252,0.233629873,0.261628133
0.274990939,0.261628133,0.20054102,0.259082837
0.275627263,0.285172125,0.165543194,0.257173865
0.274354615,0.297898607,0.199904695,0.262900781
0.273081967,0.309988765,0.231084576,0.267991374
0.271809319,0.309988765,0.217085446,0.274990939
0.267991374,0.312534061,0.199268371,0.277536236
0.268627698,0.295989635,0.205631612,0.283263153
0.271809319,0.28135418,0.210085881,0.292808014
0.270536671,0.266718726,0.202449992,0.290262718
0.266082402,0.251446948,0.216449122,0.295353311
0.259719161,0.239993114,0.231720901,0.297898607
0.247629003,0.243174734,0.241265762,0.298534931
0.233629873,0.255264892,0.243174734,0.29217169
0.218358094,0.259082837,0.255264892,0.289626394
0.222812363,0.26735505,0.269264022,0.283899477
0.236811493,0.269264022,0.260355485,0.276899912
0.248265327,0.279445208,0.238084142,0.272445643
0.255264892,0.280081532,0.207540585,0.269264022
0.261628133,0.273081967,0.175088056,0.262264457
0.260355485,0.257810189,0.16490687,0.261628133
0.250810624,0.247629003,0.183996593,0.255264892
0.241902086,0.235538845,0.203086316,0.241265762
0.245083707,0.222176039,0.232357225,0.225993984
0.239993114,0.213267502,0.27817256,0.210722205
0.229175604,0.218358094,0.316352006,0.186541889
0.220267067,0.227902956,0.329078488,0.165543194
0.21772177,0.234266197,0.305534496,0.153453036
0.212631177,0.234266197,0.26417343,0.152180388
0.220267067,0.232993549,0.234266197,0.164270546
0.236175169,0.229175604,0.255264892,0.173179083
0.239993114,0.229175604,0.287081097,0.182723945
0.232993549,0.223448687,0.280081532,0.201177344
0.224085011,0.207540585,0.280081532,0.219630743
0.21772177,0.204995288,0.287717421,0.234266197
0.211358529,0.196723075,0.308716117,0.239993114
0.220903391,0.196723075,0.32780584,0.252083272
0.224721335,0.224085011,0.315079358,0.26735505
0.229175604,0.269264022,0.284535801,0.26735505
0.235538845,0.309352441,0.274990939,0.268627698
0.251446948,0.331623784,0.276899912,0.267991374
0.26417343,0.323987895,0.274990939,0.262264457
0.26735505,0.314443034,0.290262718,0.258446513
0.27817256,0.323351571,0.3029892,0.258446513
0.281990504,0.336714377,0.295353311,0.257810189
0.290262718,0.329714812,0.266082402,0.269264022
0.290899042,0.3029892,0.227266632,0.286444773
0.291535366,0.277536236,0.202449992,0.302352876
0.286444773,0.262264457,0.193541454,0.308079793
0.275627263,0.259082837,0.182087621,0.307443468
0.269264022,0.263537106,0.165543194,0.295353311
0.276899912,0.239993114,0.161725249,0.285808449
0.270536671,0.239993114,0.16808849,0.277536236
0.263537106,0.244447383,0.176360704,0.278808884
0.25653754,0.238084142,0.169997463,0.283263153
0.249537975,0.236175169,0.176997028,0.278808884
0.231084576,0.213903826,0.201813668,0.26417343
0.238720466,0.166815842,0.229811928,0.253992244
0.243174734,0.159179953,0.260355485,0.243174734
0.241265762,0.187814538,0.277536236,0.235538845
0.234902521,0.205631612,0.305534496,0.235538845
0.235538845,0.197995723,0.346895563,0.232993549
0.232357225,0.187814538,0.379348092,0.227266632
0.231084576,0.178269676,0.364712638,0.220267067
0.224721335,0.170633787,0.295989635,0.208813233
0.227266632,0.16808849,0.211358529,0.194177779
0.21772177,0.173815407,0.15408936,0.181451297
0.208176909,0.179542324,0.128000072,0.170633787
0.220267067,0.192268806,0.108910349,0.16490687
0.231720901,0.21454015,0.11209197,0.165543194
0.237447817,0.239993114,0.141999202,0.180814972
0.235538845,0.250174299,0.184632917,0.202449992
0.223448687,0.236175169,0.218358094,0.222812363
0.215812798,0.21454015,0.251446948,0.231720901
0.21772177,0.206267936,0.275627263,0.240629438
0.217085446,0.229175604,0.297898607,0.252719596
0.221539715,0.257173865,0.315715682,0.260355485
0.233629873,0.271809319,0.332896433,0.265446078
0.240629438,0.290262718,0.340532322,0.269900347
0.240629438,0.311261413,0.34180497,0.269900347
0.24253841,0.325896867,0.334169081,0.267991374
0.25335592,0.334169081,0.319533626,0.271172995
0.26735505,0.344350266,0.290262718,0.275627263
0.272445643,0.338623349,0.251446948,0.280081532
0.270536671,0.323987895,0.240629438,0.273081967
0.269900347,0.311897737,0.24253841,0.274990939
0.273081967,0.299171255,0.233629873,0.287081097
0.277536236,0.270536671,0.222176039,0.295353311
0.275627263,0.237447817,0.197359399,0.295989635
0.262900781,0.235538845,0.193541454,0.292808014
0.25653754,0.243811058,0.204358964,0.290262718
0.25335592,0.23935679,0.231084576,0.285808449
0.254628568,0.243811058,0.255901216,0.275627263
0.26735505,0.257173865,0.263537106,0.266718726
0.273081967,0.269900347,0.267991374,0.259719161
0.270536671,0.283899477,0.27817256,0.263537106
0.25653754,0.287081097,0.301080227,0.269900347
0.247629003,0.285808449,0.300443903,0.266718726
0.247629003,0.274354615,0.265446078,0.252719596
0.247629003,0.263537106,0.250174299,0.245083707
0.250174299,0.254628568,0.267991374,0.249537975
0.245720031,0.245720031,0.276263588,0.25653754
0.238084142,0.23935679,0.25335592,0.254628568
0.225357659,0.22853928,0.232993549,0.241265762
0.218994418,0.220267067,0.219630743,0.224721335
0.218358094,0.211358529,0.223448687,0.196723075
0.224721335,0.213903826,0.229175604,0.184632917
0.223448687,0.218994418,0.240629438,0.174451731
0.227266632,0.204358964,0.251446948,0.167452166
0.231720901,0.186541889,0.283899477,0.166815842
0.238720466,0.190359834,0.283263153,0.171906435
0.238084142,0.199904695,0.243174734,0.182087621
0.226630308,0.201813668,0.187178213,0.196086751
0.216449122,0.203086316,0.178269676,0.207540585
0.206904261,0.206904261,0.227266632,0.222176039
0.20372264,0.201813668,0.269264022,0.24253841
0.207540585,0.204995288,0.266718726,0.259719161
0.22853928,0.210085881,0.238720466,0.266718726
0.251446948,0.223448687,0.238084142,0.260991809
0.255901216,0.225993984,0.255901216,0.253992244
0.246992679,0.218358094,0.265446078,0.254628568
0.257173865,0.231084576,0.274354615,0.255264892
0.271172995,0.258446513,0.285808449,0.261628133
0.283899477,0.280717856,0.280717856,0.26735505
0.291535366,0.29217169,0.246992679,0.271809319
0.281990504,0.299171255,0.211994853,0.283263153
0.267991374,0.30617082,0.196086751,0.294080662
0.261628133,0.308079793,0.209449557,0.303625524
0.25653754,0.294716986,0.21772177,0.304261848
0.254628568,0.271809319,0.196723075,0.298534931
0.266082402,0.260355485,0.197359399,0.295989635
0.281990504,0.263537106,0.225993984,0.292808014
0.295353311,0.283899477,0.237447817,0.28899007
0.301716552,0.299807579,0.233629873,0.284535801
0.299171255,0.296625959,0.243174734,0.276263588
0.304261848,0.298534931,0.269264022,0.273081967
0.297898607,0.304261848,0.281990504,0.266718726
0.286444773,0.301716552,0.271172995,0.258446513
0.284535801,0.282626829,0.241265762,0.255901216
0.275627263,0.25653754,0.237447817,0.255264892
0.257173865,0.243811058,0.246356355,0.248265327
0.245083707,0.232993549,0.25335592,0.24253841
0.238084142,0.223448687,0.26735505,0.233629873
0.234902521,0.208176909,0.285172125,0.22853928
0.232357225,0.191632482,0.285808449,0.216449122
0.227266632,0.192268806,0.276899912,0.196086751
0.225993984,0.204358964,0.274990939,0.189087186
0.229811928,0.22853928,0.271809319,0.175088056
0.232357225,0.250174299,0.243174734,0.171270111
0.234902521,0.273081967,0.190996158,0.175088056
0.234902521,0.272445643,0.143271851,0.180814972
0.235538845,0.257810189,0.155362008,0.190359834
0.231084576,0.235538845,0.191632482,0.198632047
0.229175604,0.226630308,0.207540585,0.210085881
0.224085011,0.223448687,0.198632047,0.224085011
0.218358094,0.20054102,0.233629873,0.238720466
0.212631177,0.185905565,0.280081532,0.246992679
0.210722205,0.188450862,0.3029892,0.259719161
0.211358529,0.195450427,0.313806709,0.266082402
0.210722205,0.197995723,0.323987895,0.265446078
0.217085446,0.201177344,0.322078923,0.265446078
0.230448252,0.234902521,0.319533626,0.265446078
0.245083707,0.287081097,0.30617082,0.263537106
0.255264892,0.322078923,0.295353311,0.267991374
0.257810189,0.321442599,0.260355485,0.27817256
0.259082837,0.303625524,0.227266632,0.283263153
0.254628568,0.286444773,0.202449992,0.284535801
0.250174299,0.266718726,0.193541454,0.288353745
0.246992679,0.246356355,0.193541454,0.285172125
0.243811058,0.231720901,0.211994853,0.278808884
0.244447383,0.234902521,0.216449122,0.279445208
0.245083707,0.238084142,0.213267502,0.283263153
0.237447817,0.250174299,0.211358529,0.286444773
0.232993549,0.265446078,0.199904695,0.27817256
0.234902521,0.26735505,0.173815407,0.271809319
0.241902086,0.266718726,0.180814972,0.26735505
0.251446948,0.268627698,0.236175169,0.266718726
0.260355485,0.259719161,0.280081532,0.264809754
0.271809319,0.250174299,0.296625959,0.262264457
0.272445643,0.237447817,0.285172125,0.257173865
0.268627698,0.229175604,0.257173865,0.254628568
0.262900781,0.220903391,0.234902521,0.246992679
0.259082837,0.216449122,0.236811493,0.235538845
0.259719161,0.208813233,0.257173865,0.225993984
0.265446078,0.20372264,0.276263588,0.213903826
0.269900347,0.199904695,0.289626394,0.198632047
0.254628568,0.201177344,0.274990939,0.181451297
0.238720466,0.210085881,0.257173865,0.171270111
0.225993984,0.226630308,0.250174299,0.166815842
0.226630308,0.236811493,0.249537975,0.175088056
0.237447817,0.238720466,0.224721335,0.188450862
0.234902521,0.234266197,0.209449557,0.198632047
0.236175169,0.22853928,0.222812363,0.21454015
0.22853928,0.227266632,0.24253841,0.227266632
0.225993984,0.225357659,0.251446948,0.239993114
0.221539715,0.224721335,0.252083272,0.252719596
0.197995723,0.218358094,0.252083272,0.261628133
0.183360269,0.235538845,0.259719161,0.271809319
0.194177779,0.269264022,0.266718726,0.273718291
0.218994418,0.299171255,0.277536236,0.26417343
0.250174299,0.315715682,0.286444773,0.258446513
0.269900347,0.333532757,0.303625524,0.260355485
0.280081532,0.346259239,0.311897737,0.266082402
0.285808449,0.341168646,0.351349831,0.268627698
0.292808014,0.328442164,0.38062074,0.273081967
0.301080227,0.326533192,0.384438685,0.278808884
0.291535366,0.313806709,0.351986156,0.287717421
0.259082837,0.29217169,0.309352441,0.279445208
0.249537975,0.265446078,0.249537975,0.269900347
0.260355485,0.23935679,0.166179518,0.268627698
0.269264022,0.222176039,0.094274895,0.271172995
0.271809319,0.204358964,0.092365922,0.273718291
0.26735505,0.194177779,0.124182127,0.274990939
0.255264892,0.196086751,0.138181258,0.272445643
0.245720031,0.184632917,0.125454776,0.273081967
0.245083707,0.185269241,0.143271851,0.271172995
0.244447383,0.213903826,0.186541889,0.266718726
0.231720901,0.255264892,0.224721335,0.266082402
0.224721335,0.277536236,0.24253841,0.266082402
0.229175604,0.268627698,0.236175169,0.262900781
0.235538845,0.259082837,0.227266632,0.255901216
0.236811493,0.25335592,0.225993984,0.244447383
0.246356355,0.245083707,0.232357225,0.236811493
0.253992244,0.233629873,0.237447817,0.224085011
0.252719596,0.232993549,0.231720901,0.213267502
0.246356355,0.248265327,0.246992679,0.197359399
0.243174734,0.260991809,0.295989635,0.185269241
0.249537975,0.254628568,0.339895998,0.180814972
0.251446948,0.246992679,0.334169081,0.176997028
0.252083272,0.235538845,0.300443903,0.182723945
0.25335592,0.230448252,0.274354615,0.194177779
0.257810189,0.218994418,0.271172995,0.201177344
0.262900781,0.206904261,0.277536236,0.213903826
0.25653754,0.194814103,0.283899477,0.230448252
0.245720031,0.186541889,0.288353745,0.239993114
0.227266632,0.171906435,0.285808449,0.245083707
0.211358529,0.166179518,0.287081097,0.245720031
0.20372264,0.178906,0.283263153,0.24253841
0.199268371,0.219630743,0.276899912,0.237447817
0.206904261,0.255264892,0.280717856,0.239993114
0.218994418,0.278808884,0.283899477,0.250810624
0.23935679,0.303625524,0.28899007,0.257810189
0.254628568,0.33098746,0.288353745,0.259082837
0.272445643,0.339895998,0.276899912,0.263537106
0.278808884,0.327169516,0.262900781,0.273718291
0.27817256,0.311261413,0.251446948,0.288353745
0.269264022,0.290899042,0.226630308,0.293444338
0.273718291,0.277536236,0.196086751,0.283899477
0.273081967,0.272445643,0.178906,0.280081532
0.273081967,0.265446078,0.181451297,0.275627263
0.26735505,0.259082837,0.204358964,0.27817256
0.259719161,0.234902521,0.201813668,0.281990504
0.257173865,0.229175604,0.173815407,0.288353745
0.246356355,0.239993114,0.163634222,0.288353745
0.23935679,0.260355485,0.194814103,0.287717421
0.247629003,0.279445208,0.224721335,0.280717856
0.252719596,0.287717421,0.226630308,0.270536671
0.255901216,0.27817256,0.21772177,0.268627698
0.265446078,0.265446078,0.215176474,0.271809319
0.274354615,0.257810189,0.208813233,0.269264022
0.269900347,0.257810189,0.216449122,0.262264457
0.247629003,0.255264892,0.229175604,0.254628568
0.229811928,0.252083272,0.241265762,0.247629003
0.205631612,0.234902521,0.234902521,0.236811493
0.208176909,0.21454015,0.232357225,0.218994418
0.21772177,0.198632047,0.243174734,0.194177779
0.218358094,0.189087186,0.266718726,0.178269676
0.217085446,0.184632917,0.276899912,0.168724815
0.216449122,0.189087186,0.260991809,0.167452166
0.216449122,0.192268806,0.247629003,0.171270111
0.213267502,0.178269676,0.250810624,0.178269676
0.226630308,0.176360704,0.262900781,0.189087186
0.239993114,0.17572438,0.284535801,0.209449557
0.238720466,0.171270111,0.314443034,0.223448687
0.231720901,0.173179083,0.338623349,0.232357225
0.232993549,0.178906,0.353258804,0.241265762
0.236175169,0.187178213,0.363439989,0.254628568
0.240629438,0.218994418,0.34498659,0.262264457
0.251446948,0.252719596,0.322715247,0.264809754
0.258446513,0.268627698,0.334169081,0.265446078
0.26735505,0.274354615,0.329714812,0.26417343
0.27817256,0.287717421,0.272445643,0.263537106
0.279445208,0.299171255,0.204358964,0.262900781
0.288353745,0.294080662,0.161088925,0.265446078
0.295989635,0.281990504,0.147726119,0.282626829
0.292808014,0.280717856,0.160452601,0.294716986
0.282626829,0.290899042,0.18972351,0.295989635
0.272445643,0.295989635,0.194177779,0.287081097
0.264809754,0.287081097,0.207540585,0.280717856
0.25653754,0.269900347,0.203086316,0.274990939
0.250810624,0.258446513,0.194177779,0.268627698
0.244447383,0.250174299,0.190359834,0.271809319
0.238084142,0.261628133,0.174451731,0.266718726
0.232357225,0.288353745,0.144544499,0.264809754
0.238084142,0.303625524,0.135635961,0.263537106
0.260355485,0.30617082,0.161088925,0.259082837
0.261628133,0.30617082,0.199268371,0.255901216
0.251446948,0.301080227,0.226630308,0.260355485
0.248901651,0.295989635,0.234266197,0.261628133
0.250174299,0.301080227,0.244447383,0.257173865
0.250174299,0.3029892,0.26735505,0.257173865
0.239993114,0.299171255,0.293444338,0.25653754
0.231720901,0.283263153,0.302352876,0.248265327
0.227902956,0.26735505,0.292808014,0.238084142
0.223448687,0.252719596,0.281990504,0.234266197
0.21772177,0.248901651,0.274990939,0.220903391
0.209449557,0.249537975,0.272445643,0.211358529
0.204995288,0.247629003,0.273081967,0.195450427
0.206904261,0.235538845,0.266718726,0.173815407
0.215176474,0.221539715,0.243174734,0.16808849
0.225993984,0.201813668,0.22853928,0.173815407
0.229811928,0.189087186,0.251446948,0.185269241
0.225993984,0.148998767,0.295989635,0.199904695
0.227266632,0.11209197,0.325260543,0.217085446
0.227902956,0.101910784,0.323351571,0.227902956
0.225993984,0.10445608,0.301716552,0.237447817
0.222176039,0.087911654,0.285808449,0.244447383
0.232357225,0.072003551,0.287081097,0.246992679
0.23935679,0.097456515,0.293444338,0.255901216
0.238720466,0.142635526,0.295989635,0.260355485
0.252083272,0.205631612,0.297898607,0.262264457
0.280081532,0.270536671,0.289626394,0.260991809
0.298534931,0.319533626,0.288353745,0.260355485
0.301716552,0.338623349,0.306807144,0.26417343
0.300443903,0.333532757,0.309352441,0.268627698
0.295989635,0.326533192,0.292808014,0.271172995
0.287081097,0.324624219,0.28135418,0.280081532
0.280717856,0.319533626,0.250174299,0.287717421
0.273718291,0.309352441,0.238720466,0.295353311
0.274990939,0.297898607,0.250810624,0.295989635
0.276899912,0.288353745,0.237447817,0.292808014
0.283263153,0.274990939,0.19290513,0.290262718
0.284535801,0.284535801,0.170633787,0.291535366
0.27817256,0.303625524,0.193541454,0.287717421
0.26735505,0.323351571,0.180178648,0.277536236
0.254628568,0.33098746,0.138181258,0.26735505
0.250810624,0.330351136,0.11209197,0.262900781
0.250174299,0.312534061,0.136272285,0.260991809
0.250174299,0.291535366,0.157907305,0.257810189
0.249537975,0.273081967,0.16490687,0.257810189
0.250174299,0.262264457,0.178906,0.251446948
0.250810624,0.243811058,0.220267067,0.246356355
0.249537975,0.227266632,0.254628568,0.243811058
0.250174299,0.220903391,0.259719161,0.232357225
0.249537975,0.239993114,0.248265327,0.220267067
0.246992679,0.249537975,0.23935679,0.194177779
0.238084142,0.23935679,0.243174734,0.178906
0.227266632,0.229175604,0.248265327,0.169997463
0.21772177,0.218358094,0.235538845,0.167452166
0.205631612,0.206904261,0.21772177,0.175088056
0.199268371,0.207540585,0.205631612,0.183360269
0.190359834,0.213267502,0.213903826,0.191632482
0.185905565,0.204358964,0.276263588,0.20372264
0.190996158,0.191632482,0.320169951,0.222812363
0.18972351,0.190359834,0.34498659,0.246992679
0.178269676,0.192268806,0.351349831,0.273718291
0.183996593,0.201177344,0.350713507,0.288353745
0.21772177,0.204995288,0.335441729,0.283263153
0.252083272,0.222176039,0.316352006,0.275627263
0.273718291,0.24253841,0.299171255,0.260991809
0.28899007,0.257173865,0.285172125,0.247629003
0.295353311,0.263537106,0.27817256,0.236811493
0.293444338,0.269264022,0.276263588,0.231720901
0.283263153,0.277536236,0.271172995,0.236175169
0.271172995,0.271172995,0.253992244,0.243174734
0.266082402,0.276899912,0.244447383,0.252719596
0.254628568,0.288353745,0.23935679,0.265446078
0.249537975,0.292808014,0.226630308,0.275627263
0.249537975,0.297898607,0.210722205,0.29217169
0.245083707,0.294716986,0.207540585,0.303625524
0.241902086,0.275627263,0.218358094,0.312534061
0.243811058,0.262264457,0.21454015,0.313806709
0.236175169,0.268627698,0.215812798,0.310625089
0.227266632,0.274354615,0.231720901,0.299171255
0.226630308,0.270536671,0.233629873,0.29217169
0.231720901,0.24253841,0.236811493,0.275627263
0.243174734,0.215812798,0.236811493,0.259719161
0.250174299,0.196086751,0.247629003,0.252719596
0.249537975,0.185269241,0.25653754,0.247629003
0.249537975,0.172542759,0.232993549,0.245720031
0.244447383,0.193541454,0.227266632,0.247629003
0.241902086,0.227266632,0.241902086,0.247629003
0.249537975,0.257810189,0.252083272,0.240629438
0.25335592,0.255264892,0.23935679,0.22853928
0.247629003,0.234902521,0.225993984,0.215812798
0.249537975,0.231720901,0.236175169,0.192268806
0.254628568,0.247629003,0.24253841,0.173815407
0.262900781,0.255264892,0.237447817,0.163634222
0.262900781,0.264809754,0.234902521,0.160452601
0.261628133,0.271809319,0.241265762,0.163634222
0.261628133,0.277536236,0.236175169,0.173179083
0.26417343,0.268627698,0.209449557,0.186541889
0.253992244,0.24253841,0.196086751,0.201813668
0.238084142,0.227266632,0.210085881,0.219630743
0.232993549,0.234902521,0.241902086,0.234266197
0.224721335,0.241902086,0.26735505,0.245083707
0.219630743,0.241265762,0.290262718,0.251446948
0.206904261,0.244447383,0.303625524,0.264809754
0.211358529,0.263537106,0.296625959,0.269264022
0.226630308,0.281990504,0.283263153,0.271809319
0.241265762,0.284535801,0.280081532,0.271809319
0.252083272,0.278808884,0.27817256,0.268627698
0.260355485,0.278808884,0.293444338,0.271172995
0.269900347,0.269900347,0.287717421,0.274990939
0.287081097,0.241902086,0.275627263,0.27817256
0.295989635,0.21454015,0.265446078,0.276899912
0.292808014,0.189087186,0.241902086,0.27817256
0.285808449,0.183996593,0.208813233,0.279445208
0.274990939,0.187814538,0.183996593,0.285172125
0.26417343,0.198632047,0.173815407,0.28135418
0.255264892,0.218358094,0.172542759,0.27817256
0.247629003,0.24253841,0.188450862,0.278808884
0.229175604,0.253992244,0.219630743,0.285172125
0.220903391,0.262900781,0.229175604,0.290262718
0.222176039,0.270536671,0.233629873,0.292808014
0.238084142,0.28135418,0.250810624,0.28899007
0.246992679,0.297898607,0.25335592,0.28135418
0.246356355,0.290899042,0.248901651,0.268627698
0.248265327,0.275627263,0.257810189,0.257810189
0.257173865,0.26417343,0.292808014,0.25335592
0.267991374,0.264809754,0.323987895,0.248901651
0.272445643,0.257810189,0.346259239,0.238084142
0.271809319,0.248265327,0.337987025,0.229811928
0.261628133,0.239993114,0.323987895,0.222176039
0.260991809,0.236811493,0.302352876,0.211358529
0.263537106,0.239993114,0.264809754,0.199268371
0.272445643,0.249537975,0.236811493,0.181451297
0.272445643,0.249537975,0.229175604,0.169997463
0.259719161,0.24253841,0.220903391,0.166179518
0.248265327,0.234902521,0.161088925,0.171270111
0.236811493,0.224721335,0.11209197,0.180178648
0.230448252,0.223448687,0.121636831,0.195450427
0.231720901,0.224085011,0.177633352,0.210085881
0.246356355,0.21772177,0.231720901,0.22853928
0.243811058,0.212631177,0.247629003,0.23935679
0.22853928,0.208813233,0.241265762,0.248901651
0.218358094,0.199268371,0.237447817,0.260355485
0.215812798,0.198632047,0.247629003,0.264809754
0.20372264,0.211358529,0.237447817,0.266718726
0.195450427,0.243811058,0.226630308,0.263537106
0.20372264,0.269900347,0.257173865,0.260991809
0.225993984,0.288353745,0.289626394,0.261628133
0.24253841,0.287081097,0.304898172,0.261628133
0.253992244,0.258446513,0.288353745,0.264809754
0.254628568,0.231720901,0.25653754,0.266718726
0.249537975,0.225357659,0.254628568,0.275627263
0.248265327,0.227902956,0.251446948,0.288353745
0.253992244,0.24253841,0.231720901,0.291535366
0.260991809,0.271172995,0.234902521,0.294080662
0.267991374,0.294080662,0.246992679,0.288353745
0.263537106,0.294080662,0.25335592,0.281990504
0.252083272,0.286444773,0.224721335,0.283899477
0.24253841,0.283899477,0.215176474,0.283899477
0.227902956,0.295353311,0.222176039,0.281990504
0.224085011,0.311261413,0.229175604,0.280717856
0.220903391,0.322715247,0.245083707,0.270536671
0.237447817,0.317624654,0.264809754,0.265446078
0.252719596,0.301716552,0.287081097,0.267991374
0.253992244,0.288353745,0.332896433,0.269900347
0.249537975,0.264809754,0.355167776,0.266718726
0.250810624,0.238720466,0.344350266,0.259719161
0.252083272,0.206267936,0.304261848,0.245083707
0.25335592,0.173815407,0.271809319,0.235538845
0.260991809,0.157907305,0.233629873,0.222812363
0.265446078,0.156634657,0.197995723,0.213903826
0.252719596,0.161088925,0.134999637,0.207540585
0.245720031,0.16490687,0.096183867,0.201813668
0.246992679,0.166179518,0.109546673,0.188450862
0.24253841,0.164270546,0.139453906,0.16808849
0.245720031,0.171906435,0.142635526,0.159179953
0.255901216,0.18972351,0.152816712,0.164270546
0.257810189,0.213267502,0.181451297,0.181451297
0.251446948,0.241902086,0.221539715,0.194177779
0.237447817,0.252719596,0.273081967,0.208176909
0.229175604,0.25653754,0.313806709,0.226630308
0.229811928,0.267991374,0.346259239,0.24253841
0.231720901,0.267991374,0.357076748,0.250174299
0.231720901,0.262900781,0.361531017,0.251446948
0.239993114,0.268627698,0.365348962,0.254628568
0.239993114,0.274990939,0.368530582,0.260355485
0.249537975,0.255264892,0.351986156,0.252719596
0.259719161,0.239993114,0.315715682,0.252719596
0.263537106,0.254628568,0.285172125,0.257810189
0.266082402,0.290899042,0.271809319,0.269264022
0.274354615,0.310625089,0.262264457,0.280081532
0.275627263,0.320169951,0.234266197,0.290899042
0.264809754,0.319533626,0.197359399,0.299171255
0.252719596,0.311261413,0.181451297,0.299807579
0.23935679,0.294080662,0.211994853,0.289626394
0.232993549,0.276899912,0.251446948,0.270536671
0.237447817,0.26735505,0.281990504,0.26735505
0.245083707,0.25335592,0.285808449,0.272445643
0.241265762,0.24253841,0.262900781,0.27817256
0.227266632,0.248901651,0.23935679,0.273718291
0.212631177,0.260991809,0.215812798,0.270536671
0.210085881,0.262900781,0.170633787,0.273081967
0.220903391,0.262264457,0.12927272,0.267991374
0.233629873,0.25653754,0.144544499,0.258446513
0.247629003,0.243811058,0.172542759,0.257173865
0.260355485,0.225357659,0.176997028,0.257173865
0.257810189,0.217085446,0.183996593,0.260991809
0.259719161,0.211994853,0.249537975,0.265446078
0.273081967,0.216449122,0.305534496,0.257810189
0.286444773,0.210722205,0.304261848,0.245720031
0.280717856,0.205631612,0.276263588,0.226630308
0.270536671,0.208176909,0.236175169,0.199904695
0.265446078,0.221539715,0.209449557,0.185905565
0.258446513,0.23935679,0.216449122,0.171906435
0.259719161,0.250810624,0.252719596,0.162361574
0.262264457,0.244447383,0.315715682,0.16808849
0.257173865,0.24253841,0.34180497,0.177633352
0.245083707,0.246356355,0.318897302,0.188450862
0.234902521,0.251446948,0.297262283,0.206267936
0.229175604,0.235538845,0.294080662,0.222812363
0.219630743,0.224721335,0.306807144,0.235538845
0.211994853,0.209449557,0.317624654,0.241902086
0.211358529,0.190996158,0.311261413,0.252719596
0.211994853,0.197359399,0.294080662,0.264809754
0.210085881,0.227266632,0.280081532,0.269264022
0.209449557,0.261628133,0.269900347,0.271172995
0.216449122,0.285172125,0.269264022,0.270536671
0.237447817,0.293444338,0.267991374,0.267991374
0.25653754,0.306807144,0.255264892,0.269264022
0.265446078,0.315079358,0.234902521,0.269900347
0.273718291,0.317624654,0.21454015,0.281990504
0.284535801,0.311261413,0.195450427,0.294716986
0.288353745,0.308716117,0.178269676,0.301080227
0.280081532,0.295989635,0.176360704,0.293444338
0.271809319,0.283263153,0.185905565,0.283263153
0.269900347,0.270536671,0.194177779,0.273081967
0.262900781,0.257173865,0.20054102,0.275627263
0.25653754,0.250174299,0.19290513,0.276263588
0.241902086,0.252083272,0.180814972,0.275627263
0.231084576,0.257810189,0.190996158,0.276263588
0.227266632,0.258446513,0.213267502,0.27817256
0.234902521,0.262264457,0.220903391,0.271809319
0.246992679,0.280717856,0.235538845,0.267991374
0.245083707,0.274990939,0.257810189,0.26417343
0.248901651,0.257810189,0.267991374,0.255901216
0.260991809,0.244447383,0.269264022,0.245083707
0.261628133,0.237447817,0.266082402,0.241265762
0.254628568,0.23935679,0.273081967,0.234902521
0.245083707,0.237447817,0.272445643,0.230448252
0.241265762,0.225357659,0.263537106,0.222176039
0.23935679,0.211994853,0.251446948,0.211358529
0.234266197,0.211994853,0.24253841,0.199268371
0.231084576,0.215812798,0.237447817,0.183996593
0.231084576,0.206904261,0.23935679,0.173179083
0.236175169,0.198632047,0.239993114,0.157907305
0.239993114,0.201177344,0.234902521,0.153453036
0.245083707,0.210722205,0.21454015,0.164270546
0.246356355,0.225357659,0.194177779,0.182723945
0.245083707,0.222812363,0.196723075,0.205631612
0.245083707,0.21772177,0.236175169,0.234266197
0.248901651,0.206267936,0.266082402,0.254628568
0.239993114,0.201813668,0.285172125,0.265446078
0.236811493,0.197995723,0.3029892,0.271172995
0.238084142,0.204995288,0.329078488,0.27817256
0.237447817,0.227266632,0.36662161,0.276899912
0.235538845,0.258446513,0.404801056,0.271172995
0.236811493,0.281990504,0.401619435,0.261628133
0.247629003,0.285808449,0.342441294,0.255901216
0.25335592,0.286444773,0.280081532,0.255901216
0.257173865,0.292808014,0.255901216,0.262264457
0.259082837,0.299807579,0.262264457,0.278808884
0.257810189,0.315715682,0.25335592,0.29217169
0.250174299,0.325896867,0.196723075,0.294080662
0.247629003,0.322078923,0.165543194,0.288353745
0.246992679,0.307443468,0.144544499,0.28135418
0.247629003,0.283263153,0.109546673,0.274990939
0.246356355,0.259719161,0.113364618,0.279445208
0.250810624,0.23935679,0.145180823,0.289626394
0.263537106,0.227902956,0.169361139,0.290899042
0.26417343,0.218994418,0.15090774,0.278808884
0.262900781,0.199904695,0.135635961,0.270536671
0.269264022,0.155998333,0.147726119,0.264809754
0.274990939,0.100001812,0.169997463,0.271172995
0.274990939,0.067549283,0.194814103,0.269900347
0.267991374,0.07963944,0.220267067,0.268627698
0.265446078,0.111455645,0.248265327,0.267991374
0.262900781,0.167452166,0.274990939,0.253992244
0.252719596,0.229811928,0.292808014,0.244447383
0.245083707,0.280717856,0.312534061,0.229175604
0.248265327,0.316352006,0.311897737,0.217085446
0.245083707,0.326533192,0.296625959,0.203086316
0.239993114,0.313806709,0.287717421,0.181451297
0.227266632,0.292808014,0.288353745,0.162997898
0.210722205,0.274354615,0.304261848,0.157907305
0.208176909,0.264809754,0.318897302,0.153453036
0.215812798,0.263537106,0.310625089,0.152180388
0.222176039,0.25653754,0.289626394,0.161088925
0.227266632,0.243811058,0.274354615,0.17572438
0.227266632,0.21772177,0.266718726,0.194814103
0.229811928,0.206904261,0.249537975,0.218358094
0.237447817,0.211358529,0.226630308,0.237447817
0.245720031,0.216449122,0.218994418,0.258446513
0.24253841,0.21772177,0.251446948,0.272445643
0.232357225,0.22853928,0.27817256,0.280717856
0.239993114,0.253992244,0.27817256,0.281990504
0.245720031,0.281990504,0.271809319,0.28135418
0.241902086,0.305534496,0.285172125,0.27817256
0.24253841,0.324624219,0.299171255,0.271809319
0.244447383,0.339259674,0.297262283,0.269264022
0.244447383,0.337987025,0.283263153,0.271172995
0.250810624,0.323987895,0.257173865,0.278808884
0.266082402,0.309988765,0.237447817,0.288353745
0.26735505,0.298534931,0.223448687,0.290262718
0.25335592,0.294716986,0.205631612,0.27817256
0.246356355,0.290899042,0.197359399,0.274990939
0.247629003,0.278808884,0.204358964,0.273718291
0.252719596,0.260991809,0.220267067,0.269900347
0.258446513,0.239993114,0.257173865,0.269900347
0.25653754,0.243811058,0.273081967,0.271809319
0.251446948,0.252083272,0.241902086,0.269264022
0.253992244,0.257173865,0.194814103,0.273081967
0.26417343,0.259082837,0.176997028,0.278808884
0.273718291,0.262264457,0.173815407,0.282626829
0.278808884,0.265446078,0.180178648,0.279445208
0.288353745,0.252083272,0.183360269,0.273718291
0.288353745,0.234902521,0.182723945,0.261628133
0.27817256,0.22853928,0.185905565,0.258446513
0.262264457,0.226630308,0.209449557,0.255264892
0.252719596,0.219630743,0.245083707,0.246356355
0.243811058,0.210085881,0.267991374,0.235538845
0.222176039,0.213267502,0.275627263,0.218994418
0.202449992,0.229811928,0.269900347,0.20054102
0.185905565,0.234902521,0.267991374,0.185269241
0.183996593,0.232993549,0.268627698,0.174451731
0.201813668,0.22853928,0.255901216,0.162361574
0.218994418,0.221539715,0.237447817,0.161725249
0.234902521,0.215812798,0.221539715,0.178269676
0.248265327,0.21454015,0.224721335,0.196086751
0.251446948,0.211358529,0.243174734,0.211994853
0.249537975,0.206267936,0.273081967,0.230448252
0.251446948,0.206904261,0.290899042,0.236175169
0.246356355,0.205631612,0.300443903,0.245720031
0.24253841,0.196086751,0.354531452,0.247629003
0.252083272,0.191632482,0.415618566,0.251446948
0.263537106,0.210722205,0.407982676,0.252719596
0.270536671,0.245720031,0.348804535,0.248901651
0.269900347,0.273081967,0.295989635,0.241265762
0.27817256,0.295353311,0.284535801,0.245720031
0.282626829,0.301080227,0.280081532,0.254628568
0.287081097,0.303625524,0.257810189,0.26735505
0.283263153,0.297898607,0.235538845,0.280081532
0.273718291,0.290262718,0.217085446,0.286444773
0.267991374,0.274990939,0.20372264,0.289626394
0.262264457,0.260991809,0.206267936,0.297262283
0.260355485,0.25335592,0.209449557,0.301716552
0.250810624,0.246356355,0.207540585,0.297898607
0.244447383,0.231720901,0.201813668,0.293444338
0.238720466,0.229175604,0.202449992,0.292808014
0.233629873,0.255264892,0.208813233,0.285172125
0.227266632,0.295989635,0.21454015,0.282626829
0.223448687,0.313806709,0.222812363,0.283263153
0.220903391,0.30617082,0.229811928,0.27817256
0.223448687,0.284535801,0.218358094,0.272445643
0.231084576,0.261628133,0.21772177,0.263537106
0.239993114,0.247629003,0.227902956,0.261628133
0.245083707,0.225993984,0.229811928,0.255901216
0.247629003,0.219630743,0.218358094,0.249537975
0.24253841,0.202449992,0.209449557,0.239993114
0.245083707,0.173179083,0.223448687,0.231720901
0.254628568,0.157270981,0.247629003,0.224085011
0.255901216,0.16490687,0.269264022,0.215812798
0.250174299,0.189087186,0.28899007,0.197995723
0.250174299,0.207540585,0.302352876,0.186541889
0.246356355,0.215176474,0.305534496,0.178269676
0.247629003,0.222812363,0.296625959,0.170633787
0.241902086,0.225357659,0.286444773,0.172542759
0.238720466,0.237447817,0.26735505,0.178269676
0.236175169,0.252719596,0.234902521,0.186541889
0.235538845,0.261628133,0.223448687,0.204995288
0.238084142,0.260991809,0.243811058,0.221539715
0.23935679,0.261628133,0.255264892,0.234266197
0.231720901,0.248265327,0.252719596,0.245720031
0.229811928,0.229175604,0.238720466,0.253992244
0.239993114,0.220903391,0.232357225,0.257173865
0.249537975,0.238720466,0.221539715,0.265446078
0.241265762,0.267991374,0.208813233,0.268627698
0.232357225,0.27817256,0.207540585,0.272445643
0.238720466,0.28135418,0.220903391,0.274354615
0.255264892,0.276899912,0.231720901,0.271809319
0.273718291,0.274990939,0.246356355,0.262900781
0.269900347,0.273718291,0.238084142,0.259082837
0.262900781,0.280717856,0.223448687,0.257810189
0.257810189,0.295989635,0.225357659,0.263537106
0.248901651,0.306807144,0.23935679,0.270536671
0.239993114,0.308716117,0.246992679,0.284535801
0.236811493,0.302352876,0.254628568,0.286444773
0.235538845,0.28135418,0.269900347,0.28899007
0.238720466,0.245720031,0.276263588,0.290262718
0.251446948,0.220267067,0.27817256,0.293444338
0.257173865,0.21454015,0.27817256,0.290262718
0.257810189,0.224085011,0.271172995,0.292808014
0.252719596,0.231720901,0.277536236,0.290899042
0.255901216,0.241902086,0.278808884,0.275627263
0.25335592,0.252083272,0.276263588,0.265446078
0.249537975,0.25335592,0.262900781,0.257810189
0.24253841,0.245720031,0.260355485,0.252083272
0.231720901,0.234902521,0.268627698,0.245083707
0.22853928,0.220903391,0.269264022,0.237447817
0.222812363,0.222176039,0.262900781,0.232357225
0.225993984,0.227266632,0.23935679,0.22853928
0.23935679,0.230448252,0.229811928,0.219630743
0.260355485,0.233629873,0.224721335,0.199268371
0.273718291,0.238720466,0.217085446,0.181451297
0.273081967,0.247629003,0.191632482,0.169997463
0.265446078,0.250174299,0.150271416,0.162997898
0.258446513,0.241265762,0.114000942,0.166179518
0.262264457,0.243174734,0.124182127,0.175088056
0.26735505,0.250174299,0.164270546,0.189087186
0.266718726,0.247629003,0.210722205,0.205631612
0.255901216,0.238720466,0.259082837,0.222812363
0.239993114,0.220903391,0.288353745,0.24253841
0.223448687,0.201813668,0.323987895,0.249537975
0.211994853,0.190996158,0.360894693,0.25653754
0.217085446,0.196723075,0.365348962,0.260991809
0.225357659,0.210722205,0.31698833,0.262264457
0.229811928,0.24253841,0.224085011,0.263537106
0.23935679,0.268627698,0.164270546,0.257810189
0.259082837,0.278808884,0.173815407,0.255264892
0.272445643,0.297898607,0.191632482,0.257173865
0.267991374,0.311897737,0.207540585,0.260355485
0.265446078,0.313170385,0.257810189,0.262264457
0.271172995,0.299171255,0.293444338,0.26417343
0.266718726,0.278808884,0.313806709,0.26735505
0.257173865,0.264809754,0.329078488,0.273081967
0.259082837,0.248265327,0.346259239,0.274354615
0.257173865,0.229175604,0.334169081,0.276263588
0.253992244,0.211994853,0.290899042,0.275627263
0.248265327,0.208813233,0.227266632,0.287081097
0.241902086,0.220903391,0.186541889,0.297262283
0.229811928,0.248901651,0.153453036,0.301080227
0.229175604,0.269900347,0.128000072,0.298534931
0.225993984,0.27817256,0.131181693,0.292808014
0.231084576,0.274354615,0.136272285,0.287717421
0.235538845,0.26735505,0.174451731,0.280717856
0.244447383,0.26735505,0.232357225,0.278808884
0.252719596,0.262900781,0.259082837,0.280717856
0.260991809,0.245083707,0.254628568,0.271809319
0.262264457,0.224721335,0.250174299,0.255901216
0.250174299,0.213267502,0.241902086,0.240629438
0.244447383,0.226630308,0.24253841,0.226630308
0.229175604,0.238720466,0.246356355,0.213267502
0.216449122,0.255901216,0.276899912,0.194814103
0.207540585,0.273081967,0.301716552,0.181451297
0.208813233,0.28899007,0.311897737,0.166179518
0.218994418,0.288353745,0.288353745,0.159816277
0.230448252,0.280081532,0.245720031,0.159816277
0.240629438,0.275627263,0.212631177,0.165543194
0.246356355,0.273718291,0.20054102,0.173815407
0.253992244,0.261628133,0.211358529,0.191632482
0.257173865,0.230448252,0.259719161,0.213267502
0.26417343,0.20372264,0.300443903,0.232357225
0.265446078,0.181451297,0.312534061,0.249537975
0.267991374,0.171270111,0.3029892,0.26417343
0.269900347,0.16490687,0.297262283,0.270536671
0.264809754,0.173815407,0.291535366,0.26735505
0.251446948,0.222176039,0.297898607,0.264809754
0.243811058,0.260355485,0.297262283,0.262264457
0.246356355,0.271172995,0.281990504,0.248265327
0.248265327,0.287717421,0.260991809,0.241902086
0.248901651,0.28899007,0.252719596,0.260355485
0.244447383,0.267991374,0.262264457,0.273081967
0.246356355,0.255264892,0.291535366,0.283263153
0.266082402,0.292808014,0.285808449,0.221539715
0.260355485,0.286444773,0.276263588,0.201177344
0.253992244,0.27817256,0.266718726,0.18972351
0.243174734,0.259719161,0.261628133,0.181451297
0.230448252,0.238720466,0.258446513,0.171906435
0.218994418,0.224721335,0.267991374,0.165543194
0.212631177,0.225993984,0.283263153,0.174451731
0.208813233,0.220903391,0.295353311,0.18972351
0.203086316,0.215812798,0.290899042,0.209449557
0.206267936,0.229175604,0.285808449,0.229175604
0.220903391,0.259082837,0.276899912,0.234902521
0.234266197,0.288353745,0.278808884,0.234902521
0.244447383,0.313806709,0.28899007,0.237447817
0.24253841,0.325896867,0.301080227,0.249537975
0.236175169,0.330351136,0.30617082,0.25653754
0.237447817,0.320806275,0.312534061,0.261628133
0.239993114,0.307443468,0.303625524,0.259719161
0.232993549,0.290899042,0.281990504,0.253992244
0.227266632,0.267991374,0.259082837,0.251446948
0.229811928,0.25335592,0.234266197,0.252083272
0.239993114,0.250810624,0.215812798,0.266082402
0.240629438,0.252719596,0.205631612,0.286444773
0.234902521,0.243811058,0.206267936,0.302352876
0.237447817,0.238720466,0.209449557,0.298534931
0.247629003,0.247629003,0.213903826,0.289626394
0.262264457,0.251446948,0.212631177,0.283263153
0.262900781,0.258446513,0.225357659,0.280081532
0.260355485,0.279445208,0.237447817,0.282626829
0.260991809,0.28899007,0.246356355,0.285808449
0.259719161,0.283899477,0.239993114,0.28899007
0.259719161,0.273718291,0.229811928,0.285808449
0.257810189,0.26417343,0.226630308,0.281990504
0.258446513,0.249537975,0.221539715,0.273718291
0.266718726,0.231084576,0.220267067,0.267991374
0.274354615,0.210085881,0.216449122,0.262264457
0.274354615,0.190996158,0.21454015,0.252719596
0.274354615,0.180178648,0.20054102,0.245083707
0.270536671,0.188450862,0.194177779,0.248265327
0.26417343,0.206267936,0.207540585,0.245720031
0.259082837,0.216449122,0.232993549,0.235538845
0.262900781,0.21772177,0.250810624,0.21772177
0.269264022,0.21772177,0.260355485,0.196723075
0.28135418,0.211994853,0.261628133,0.178269676
0.292808014,0.206904261,0.270536671,0.166815842
0.290262718,0.215812798,0.27817256,0.159179953
0.280717856,0.224085011,0.28135418,0.161725249
0.271172995,0.219630743,0.270536671,0.173815407
0.257810189,0.212631177,0.265446078,0.185905565
0.241902086,0.213903826,0.273718291,0.196086751
0.223448687,0.237447817,0.285808449,0.212631177
0.20054102,0.267991374,0.293444338,0.234902521
0.201813668,0.283263153,0.295353311,0.248901651
0.208813233,0.281990504,0.298534931,0.257173865
0.204995288,0.283899477,0.295353311,0.266718726
0.196723075,0.285172125,0.281990504,0.272445643
0.192268806,0.283263153,0.266718726,0.275627263
0.20054102,0.287081097,0.252083272,0.27817256
0.211358529,0.28899007,0.249537975,0.27817256
0.223448687,0.28135418,0.252083272,0.278808884
0.243174734,0.269900347,0.259719161,0.280717856
0.25335592,0.257810189,0.271809319,0.285172125
0.250174299,0.247629003,0.271172995,0.290262718
0.238084142,0.231084576,0.262900781,0.293444338
0.239993114,0.216449122,0.250810624,0.285172125
0.25335592,0.223448687,0.238720466,0.270536671
0.270536671,0.238084142,0.221539715,0.260991809
0.273081967,0.25653754,0.211994853,0.260355485
0.270536671,0.276899912,0.195450427,0.267991374
0.261628133,0.27817256,0.171906435,0.274354615
0.25335592,0.266082402,0.170633787,0.271809319
0.251446948,0.255264892,0.184632917,0.269264022
0.250810624,0.247629003,0.206267936,0.26735505
0.244447383,0.237447817,0.215176474,0.264809754
0.234266197,0.236811493,0.238084142,0.258446513
0.233629873,0.233629873,0.257810189,0.255264892
0.24253841,0.224085011,0.260355485,0.257173865
0.247629003,0.225357659,0.252719596,0.252719596
0.250174299,0.238084142,0.246356355,0.248901651
0.25653754,0.236175169,0.240629438,0.245083707
0.262264457,0.229175604,0.243811058,0.24253841
0.26417343,0.229175604,0.245720031,0.234902521
0.259082837,0.234266197,0.246356355,0.215812798
0.263537106,0.23935679,0.239993114,0.197359399
0.25335592,0.241902086,0.234266197,0.178906
0.243174734,0.227902956,0.241902086,0.169997463
0.234902521,0.220267067,0.252083272,0.16808849
0.231720901,0.202449992,0.258446513,0.173815407
0.239993114,0.173815407,0.269900347,0.189087186
0.254628568,0.151544064,0.285808449,0.204358964
0.265446078,0.162361574,0.312534061,0.217085446
0.262900781,0.208813233,0.320169951,0.223448687
0.250810624,0.263537106,0.308716117,0.231720901
0.23935679,0.297262283,0.287717421,0.239993114
0.234902521,0.315079358,0.264809754,0.246356355
0.235538845,0.329714812,0.246992679,0.247629003
0.24253841,0.331623784,0.248265327,0.248901651
0.245083707,0.344350266,0.237447817,0.25335592
0.251446948,0.343713942,0.232357225,0.260991809
0.251446948,0.332896433,0.222176039,0.266082402
0.259082837,0.320169951,0.210722205,0.272445643
0.259719161,0.303625524,0.20372264,0.273081967
0.265446078,0.283263153,0.208176909,0.283263153
0.262264457,0.261628133,0.225357659,0.285172125
0.261628133,0.247629003,0.236175169,0.296625959
0.259082837,0.248901651,0.245083707,0.304261848
0.246356355,0.252083272,0.255901216,0.295989635
0.241265762,0.252083272,0.260355485,0.288353745
0.241265762,0.25335592,0.248265327,0.287081097
0.236811493,0.252083272,0.237447817,0.287081097
0.235538845,0.247629003,0.236811493,0.280717856
0.237447817,0.239993114,0.241902086,0.283263153
0.250174299,0.229175604,0.252083272,0.288353745
0.257173865,0.208813233,0.257810189,0.280081532
0.257810189,0.202449992,0.243811058,0.26417343
0.250174299,0.205631612,0.217085446,0.25653754
0.237447817,0.205631612,0.21454015,0.250810624
0.223448687,0.208176909,0.222812363,0.248901651
0.213267502,0.204995288,0.235538845,0.243811058
0.215176474,0.194177779,0.245083707,0.238720466
0.222812363,0.188450862,0.252719596,0.237447817
0.227902956,0.185269241,0.248901651,0.227902956
0.239993114,0.188450862,0.250174299,0.206267936
0.255264892,0.206267936,0.25335592,0.188450862
0.257810189,0.238084142,0.237447817,0.175088056
0.252083272,0.251446948,0.21772177,0.162997898
0.247629003,0.236175169,0.217085446,0.16490687
0.250174299,0.211994853,0.227902956,0.174451731
0.250810624,0.193541454,0.238720466,0.185905565
0.248265327,0.206267936,0.250174299,0.196723075
0.246992679,0.231084576,0.269900347,0.206267936
0.248901651,0.262264457,0.283899477,0.222812363
0.255264892,0.28135418,0.290899042,0.234902521
0.257173865,0.298534931,0.294716986,0.247629003
0.258446513,0.321442599,0.290899042,0.253992244
0.25653754,0.331623784,0.275627263,0.262900781
0.250174299,0.318897302,0.25653754,0.268627698
0.235538845,0.313170385,0.236811493,0.273081967
0.22853928,0.304261848,0.229175604,0.271809319
0.226630308,0.29217169,0.223448687,0.272445643
0.238084142,0.285172125,0.222176039,0.276263588
0.250174299,0.273081967,0.224085011,0.27817256
0.259082837,0.254628568,0.233629873,0.280717856
0.263537106,0.241902086,0.24253841,0.283263153
0.26417343,0.236175169,0.255264892,0.285172125
0.260355485,0.250810624,0.258446513,0.287717421
0.258446513,0.262264457,0.244447383,0.285808449
0.257810189,0.255264892,0.236811493,0.279445208
0.259719161,0.236811493,0.240629438,0.279445208
0.257173865,0.215812798,0.261628133,0.28135418
0.247629003,0.206267936,0.270536671,0.281990504
0.24253841,0.209449557,0.262264457,0.281990504
0.238084142,0.227902956,0.259082837,0.284535801
0.220267067,0.238084142,0.253992244,0.288353745
0.204358964,0.243174734,0.244447383,0.285808449
0.207540585,0.249537975,0.231720901,0.273081967
0.232993549,0.254628568,0.204358964,0.26735505
0.255901216,0.250174299,0.190359834,0.260355485
0.258446513,0.237447817,0.192268806,0.241265762
0.266082402,0.236811493,0.209449557,0.229811928
0.291535366,0.240629438,0.232357225,0.224721335
0.30617082,0.241265762,0.243174734,0.21454015
0.283263153,0.224721335,0.248265327,0.20054102
0.245083707,0.202449992,0.237447817,0.185269241
0.211994853,0.188450862,0.222812363,0.171270111
0.21772177,0.180814972,0.216449122,0.162361574
0.252083272,0.17572438,0.219630743,0.166815842
0.270536671,0.166815842,0.229811928,0.173815407
0.271809319,0.171270111,0.241265762,0.183360269
0.259082837,0.195450427,0.255264892,0.185905565
0.252083272,0.224085011,0.273718291,0.196723075
0.252083272,0.260355485,0.28899007,0.215812798
0.252719596,0.280081532,0.300443903,0.22853928
0.24253841,0.300443903,0.307443468,0.241265762
0.226630308,0.320806275,0.323351571,0.248901651
0.206267936,0.332896433,0.329078488,0.257173865
0.19290513,0.319533626,0.327169516,0.259719161
0.192268806,0.308716117,0.315715682,0.262264457
0.208176909,0.302352876,0.303625524,0.269264022
0.224721335,0.309352441,0.279445208,0.273081967
0.252083272,0.322078923,0.26735505,0.273081967
0.270536671,0.310625089,0.257810189,0.277536236
0.281990504,0.280081532,0.241902086,0.287717421
0.287081097,0.248901651,0.226630308,0.298534931
0.285808449,0.237447817,0.211994853,0.297898607
0.280081532,0.246356355,0.208813233,0.295353311
0.273081967,0.247629003,0.20372264,0.285172125
0.26417343,0.245083707,0.197359399,0.280717856
0.253992244,0.241265762,0.196723075,0.284535801
0.240629438,0.237447817,0.202449992,0.289626394
0.222176039,0.227266632,0.220903391,0.290262718
0.213903826,0.221539715,0.232357225,0.290899042
0.211358529,0.229175604,0.233629873,0.287717421
0.211994853,0.232993549,0.227902956,0.28135418
0.217085446,0.231720901,0.225357659,0.272445643
0.227266632,0.229175604,0.236175169,0.26417343
0.237447817,0.226630308,0.260991809,0.25653754
0.24253841,0.222176039,0.276263588,0.247629003
0.250174299,0.225993984,0.260355485,0.243811058
0.255264892,0.231720901,0.249537975,0.238720466
0.250174299,0.232357225,0.255264892,0.230448252
0.247629003,0.226630308,0.269264022,0.217085446
0.247629003,0.231084576,0.28135418,0.199904695
0.252083272,0.236175169,0.274990939,0.182087621
0.248265327,0.21772177,0.254628568,0.171906435
0.240629438,0.196086751,0.232357225,0.163634222
0.240629438,0.176360704,0.218994418,0.165543194
0.257810189,0.187178213,0.210722205,0.169997463
0.273718291,0.204358964,0.210722205,0.183360269
0.282626829,0.218994418,0.204358964,0.199904695
0.283899477,0.243811058,0.204995288,0.215812798
0.278808884,0.263537106,0.218994418,0.230448252
0.273718291,0.267991374,0.230448252,0.24253841
0.273718291,0.280081532,0.252719596,0.252719596
0.27817256,0.313170385,0.292808014,0.265446078
0.269264022,0.344350266,0.319533626,0.273081967
0.247629003,0.349440859,0.316352006,0.278808884
0.227266632,0.343077618,0.303625524,0.276899912
0.216449122,0.308716117,0.285808449,0.26735505
0.199904695,0.268627698,0.274990939,0.258446513
0.197995723,0.246992679,0.250174299,0.251446948
0.201813668,0.236175169,0.20372264,0.258446513
0.215176474,0.225993984,0.145817147,0.28135418
0.229811928,0.221539715,0.142635526,0.294080662
0.237447817,0.224721335,0.204358964,0.289626394
0.241265762,0.236811493,0.26735505,0.278808884
0.237447817,0.252083272,0.280081532,0.272445643
0.236811493,0.260355485,0.260355485,0.265446078
0.232357225,0.266082402,0.226630308,0.268627698
0.235538845,0.258446513,0.219630743,0.274990939
0.249537975,0.24253841,0.231084576,0.281990504
0.262900781,0.22853928,0.245083707,0.283263153
0.273081967,0.229175604,0.254628568,0.285808449
0.28135418,0.246992679,0.264809754,0.285172125
0.280081532,0.255264892,0.271172995,0.280717856
0.27817256,0.25335592,0.272445643,0.272445643
0.275627263,0.24253841,0.26735505,0.260991809
0.267991374,0.225993984,0.265446078,0.255264892
0.269900347,0.21454015,0.260991809,0.246356355
0.270536671,0.213903826,0.255264892,0.238084142
0.257810189,0.219630743,0.236175169,0.218358094
0.248265327,0.224721335,0.234266197,0.206267936
0.255264892,0.234266197,0.250174299,0.191632482
0.273718291,0.238084142,0.25335592,0.180178648
0.276899912,0.225993984,0.245083707,0.168724815
0.272445643,0.204358964,0.238084142,0.155998333
0.260355485,0.191632482,0.235538845,0.155998333
0.244447383,0.199268371,0.23935679,0.165543194
0.232993549,0.208176909,0.247629003,0.179542324
0.231084576,0.222812363,0.265446078,0.201177344
0.237447817,0.252719596,0.290899042,0.227902956
0.247629003,0.288353745,0.301716552,0.246992679
0.253992244,0.317624654,0.301080227,0.25653754
0.257810189,0.332260108,0.288353745,0.259719161
0.247629003,0.331623784,0.269264022,0.26417343
0.227902956,0.325896867,0.249537975,0.269900347
0.212631177,0.310625089,0.252083272,0.264809754
0.210722205,0.306807144,0.276263588,0.266082402
0.208176909,0.297262283,0.304898172,0.262900781
0.210085881,0.280081532,0.308079793,0.260355485
0.225357659,0.26417343,0.295989635,0.257810189
0.236175169,0.252719596,0.276263588,0.26417343
0.23935679,0.237447817,0.246356355,0.282626829
0.238720466,0.222176039,0.210722205,0.293444338
0.237447817,0.197995723,0.187178213,0.288353745
0.236811493,0.192268806,0.173815407,0.280717856
0.234266197,0.190996158,0.169361139,0.274354615
0.231720901,0.190359834,0.16808849,0.272445643
0.236175169,0.195450427,0.169997463,0.272445643
0.234902521,0.201177344,0.190359834,0.278808884
0.22853928,0.217085446,0.208813233,0.281990504
0.224721335,0.232993549,0.220903391,0.286444773
0.231084576,0.253992244,0.234266197,0.281990504
0.232357225,0.25335592,0.235538845,0.273718291
0.236175169,0.248901651,0.248901651,0.270536671
0.245083707,0.239993114,0.270536671,0.273718291
0.253992244,0.24253841,0.272445643,0.271172995
0.260355485,0.250174299,0.25653754,0.261628133
0.26735505,0.259719161,0.241265762,0.25653754
0.272445643,0.265446078,0.227266632,0.252719596
0.272445643,0.268627698,0.206267936,0.241902086
0.268627698,0.268627698,0.20054102,0.22853928
0.276263588,0.263537106,0.197359399,0.205631612
0.288353745,0.247629003,0.194177779,0.17572438
0.283899477,0.227266632,0.206267936,0.163634222
0.271809319,0.198632047,0.224085011,0.162997898
0.270536671,0.178906,0.248901651,0.16490687
0.280081532,0.185269241,0.255264892,0.183360269
0.283263153,0.190996158,0.25653754,0.195450427
0.270536671,0.178269676,0.260355485,0.201813668
0.255901216,0.176997028,0.280081532,0.210722205
0.249537975,0.206267936,0.295353311,0.222176039
0.234902521,0.244447383,0.284535801,0.232993549
0.217085446,0.27817256,0.274990939,0.243174734
0.208813233,0.300443903,0.277536236,0.255264892
0.208813233,0.312534061,0.27817256,0.263537106
0.225993984,0.298534931,0.276263588,0.269264022
0.247629003,0.285808449,0.271809319,0.26735505
0.25653754,0.283899477,0.265446078,0.266082402
0.250174299,0.301080227,0.269264022,0.263537106
0.234266197,0.313170385,0.270536671,0.271172995
0.222812363,0.308079793,0.271172995,0.282626829
0.223448687,0.280717856,0.269900347,0.291535366
0.222176039,0.25335592,0.255901216,0.3029892
0.230448252,0.238084142,0.252083272,0.296625959
0.245720031,0.263537106,0.271809319,0.28899007
0.25335592,0.295353311,0.284535801,0.284535801
0.258446513,0.306807144,0.265446078,0.278808884
0.267991374,0.302352876,0.245083707,0.275627263
0.272445643,0.282626829,0.227266632,0.271172995
0.271809319,0.267991374,0.21454015,0.272445643
0.26417343,0.251446948,0.211358529,0.271809319
0.262900781,0.247629003,0.209449557,0.269264022
0.259719161,0.229175604,0.206904261,0.265446078
0.261628133,0.218994418,0.201813668,0.257173865
0.262900781,0.219630743,0.205631612,0.254628568
0.257173865,0.21454015,0.215176474,0.255264892
0.251446948,0.213903826,0.234902521,0.255264892
0.232357225,0.215176474,0.263537106,0.250174299
0.220903391,0.21772177,0.28135418,0.23935679
0.220903391,0.221539715,0.286444773,0.227266632
0.222176039,0.239993114,0.290262718,0.216449122
0.210722205,0.254628568,0.300443903,0.194177779
0.198632047,0.255264892,0.304898172,0.180178648
0.185269241,0.24253841,0.288353745,0.173179083
0.181451297,0.231084576,0.255264892,0.163634222
0.184632917,0.225993984,0.221539715,0.156634657
0.188450862,0.220267067,0.199268371,0.16808849
0.205631612,0.204358964,0.215812798,0.181451297
0.224085011,0.194814103,0.247629003,0.199268371
0.240629438,0.188450862,0.267991374,0.21772177
0.25335592,0.197359399,0.274990939,0.234266197
0.270536671,0.225357659,0.274990939,0.245083707
0.281990504,0.257810189,0.272445643,0.258446513
0.281990504,0.294716986,0.272445643,0.270536671
0.273081967,0.313170385,0.257173865,0.27817256
0.269264022,0.310625089,0.249537975,0.278808884
0.271809319,0.295353311,0.233629873,0.272445643
0.278808884,0.27817256,0.224721335,0.271809319
0.285172125,0.271172995,0.245083707,0.269264022
0.290262718,0.257173865,0.258446513,0.269900347
0.292808014,0.245083707,0.259719161,0.273718291
0.297262283,0.237447817,0.249537975,0.286444773
0.3029892,0.231720901,0.235538845,0.292808014
0.315079358,0.231084576,0.229175604,0.292808014
0.322078923,0.235538845,0.224721335,0.28135418
0.313170385,0.24253841,0.226630308,0.269900347
0.283263153,0.25653754,0.227266632,0.269900347
0.260355485,0.271172995,0.226630308,0.276263588
0.24253841,0.269264022,0.229175604,0.287081097
0.235538845,0.260355485,0.231720901,0.287717421
0.231084576,0.243811058,0.236175169,0.280717856
0.215812798,0.241265762,0.240629438,0.276899912
0.206904261,0.236811493,0.243174734,0.274990939
0.209449557,0.233629873,0.255264892,0.275627263
0.213267502,0.221539715,0.264809754,0.273081967
0.229175604,0.196086751,0.250810624,0.264809754
0.243174734,0.17572438,0.222812363,0.260991809
0.234902521,0.178269676,0.208176909,0.258446513
0.227266632,0.195450427,0.219630743,0.247629003
0.218994418,0.215812798,0.238084142,0.231720901
0.216449122,0.234902521,0.232993549,0.21454015
0.246992679,0.245083707,0.232357225,0.194177779
0.260991809,0.244447383,0.227902956,0.174451731
0.237447817,0.244447383,0.197995723,0.158543629
0.227266632,0.236811493,0.179542324,0.145817147
0.237447817,0.232993549,0.186541889,0.143271851
0.251446948,0.232357225,0.218358094,0.154725684
0.259082837,0.222176039,0.241265762,0.173815407
0.269264022,0.213903826,0.261628133,0.187814538
0.264809754,0.208813233,0.285172125,0.215812798
0.258446513,0.222812363,0.303625524,0.240629438
0.257810189,0.259082837,0.311261413,0.257810189
0.257173865,0.287081097,0.320169951,0.255901216
0.247629003,0.308079793,0.335441729,0.250810624
0.225357659,0.332896433,0.342441294,0.260355485
0.210722205,0.335441729,0.3558041,0.271172995
0.216449122,0.329714812,0.343077618,0.27817256
0.225993984,0.317624654,0.326533192,0.287717421
0.231720901,0.308716117,0.308716117,0.282626829
0.233629873,0.298534931,0.290262718,0.271809319
0.239993114,0.277536236,0.270536671,0.273718291
0.252719596,0.252083272,0.248265327,0.277536236
0.25653754,0.232357225,0.216449122,0.273718291
0.262900781,0.233629873,0.175088056,0.277536236
0.269900347,0.252719596,0.148362443,0.285172125
0.269264022,0.264809754,0.147726119,0.285808449
0.245720031,0.279445208,0.165543194,0.27817256
0.229175604,0.293444338,0.176360704,0.280081532
0.213267502,0.295989635,0.166179518,0.28135418
0.210722205,0.285808449,0.162361574,0.278808884
0.219630743,0.266718726,0.16808849,0.273718291
0.227902956,0.259719161,0.188450862,0.274990939
0.231720901,0.250174299,0.201813668,0.273718291
0.232357225,0.233629873,0.226630308,0.265446078
0.235538845,0.222176039,0.260355485,0.261628133
0.246356355,0.218994418,0.322078923,0.261628133
0.252083272,0.227902956,0.358349397,0.257810189
0.259719161,0.232357225,0.338623349,0.251446948
0.268627698,0.229175604,0.285172125,0.243174734
0.266718726,0.222812363,0.24253841,0.237447817
0.259082837,0.21454015,0.227266632,0.229175604
0.257810189,0.211994853,0.229175604,0.216449122
0.271172995,0.21454015,0.215812798,0.20054102
0.269900347,0.206267936,0.198632047,0.185905565
0.264809754,0.180178648,0.193541454,0.171270111
0.266082402,0.155362008,0.205631612,0.166815842
0.269900347,0.137544934,0.217085446,0.171906435
0.262900781,0.140726554,0.227266632,0.178269676
0.24253841,0.16490687,0.249537975,0.190359834
0.218994418,0.201813668,0.280717856,0.210085881
0.215176474,0.250174299,0.292808014,0.227266632
0.241265762,0.285808449,0.294716986,0.240629438
0.26735505,0.301080227,0.301080227,0.250174299
0.273718291,0.318260978,0.315079358,0.259719161
0.261628133,0.333532757,0.317624654,0.26417343
0.241902086,0.339259674,0.323351571,0.267991374
0.226630308,0.344350266,0.318897302,0.26735505
0.225993984,0.301716552,0.304898172,0.269264022
0.222176039,0.251446948,0.288353745,0.26735505
0.220903391,0.222176039,0.283263153,0.261628133
0.22853928,0.216449122,0.293444338,0.262900781
0.22853928,0.220903391,0.315079358,0.278808884
0.229175604,0.227902956,0.302352876,0.295989635
0.246992679,0.237447817,0.254628568,0.298534931
0.280717856,0.262264457,0.209449557,0.299807579
0.313806709,0.267991374,0.192268806,0.299171255
0.305534496,0.261628133,0.202449992,0.289626394
0.294080662,0.268627698,0.234902521,0.287081097
0.292808014,0.265446078,0.245083707,0.280081532
0.288353745,0.26417343,0.233629873,0.273081967
0.262900781,0.261628133,0.227266632,0.269264022
0.245720031,0.270536671,0.233629873,0.268627698
0.240629438,0.268627698,0.225993984,0.266082402
0.237447817,0.26417343,0.20372264,0.26417343
0.234266197,0.255901216,0.173815407,0.255264892
0.232357225,0.241902086,0.145817147,0.25335592
0.22853928,0.224721335,0.135635961,0.25335592
0.216449122,0.213267502,0.154725684,0.251446948
0.21454015,0.204358964,0.171270111,0.249537975
0.224085011,0.20054102,0.183996593,0.237447817
0.229175604,0.190996158,0.203086316,0.220903391
0.227902956,0.191632482,0.244447383,0.203086316
0.229175604,0.183360269,0.273081967,0.181451297
0.219630743,0.166815842,0.283899477,0.170633787
0.215812798,0.186541889,0.279445208,0.155998333
0.219630743,0.218358094,0.265446078,0.154725684
0.232357225,0.244447383,0.255901216,0.163634222
0.239993114,0.251446948,0.251446948,0.178906
0.247629003,0.248901651,0.251446948,0.199268371
0.245720031,0.257173865,0.245083707,0.225357659
0.236811493,0.285808449,0.232993549,0.237447817
0.241902086,0.30617082,0.222812363,0.243811058
0.250174299,0.313806709,0.225357659,0.252083272
0.253992244,0.319533626,0.250174299,0.255901216
0.259719161,0.318897302,0.27817256,0.25653754
0.259082837,0.305534496,0.297898607,0.254628568
0.251446948,0.29217169,0.301080227,0.257173865
0.245083707,0.285172125,0.292808014,0.259719161
0.23935679,0.26735505,0.279445208,0.260355485
0.240629438,0.235538845,0.266718726,0.259719161
0.246992679,0.199904695,0.257173865,0.257173865
0.255901216,0.182723945,0.252719596,0.259719161
0.262900781,0.187814538,0.248901651,0.26417343
0.276899912,0.21772177,0.249537975,0.269900347
0.285172125,0.25335592,0.245720031,0.281990504
0.287081097,0.261628133,0.252719596,0.28899007
0.27817256,0.269900347,0.263537106,0.290262718
0.277536236,0.286444773,0.265446078,0.290899042
0.273718291,0.30617082,0.260991809,0.296625959
0.263537106,0.301716552,0.255264892,0.305534496
0.257173865,0.271809319,0.248901651,0.308079793
0.254628568,0.262264457,0.239993114,0.3029892
0.244447383,0.259719161,0.227266632,0.294080662
0.236811493,0.257810189,0.205631612,0.286444773
0.232357225,0.25653754,0.188450862,0.274354615
0.232993549,0.246356355,0.193541454,0.26417343
0.22853928,0.231720901,0.206904261,0.249537975
0.222176039,0.222176039,0.218994418,0.245083707
0.220267067,0.215812798,0.227266632,0.243811058
0.230448252,0.21772177,0.231720901,0.239993114
0.243174734,0.212631177,0.253992244,0.224721335
0.241265762,0.202449992,0.285808449,0.210085881
0.243174734,0.191632482,0.300443903,0.194177779
0.246992679,0.177633352,0.293444338,0.186541889
0.246992679,0.16490687,0.290899042,0.176360704
0.247629003,0.166179518,0.273718291,0.169361139
0.237447817,0.185905565,0.246992679,0.173179083
0.232357225,0.209449557,0.231084576,0.185905565
0.229175604,0.225993984,0.209449557,0.192268806
0.225993984,0.245083707,0.215176474,0.20054102
0.217085446,0.285808449,0.249537975,0.213267502
0.222812363,0.319533626,0.279445208,0.227902956
0.225993984,0.331623784,0.298534931,0.244447383
0.227266632,0.33098746,0.303625524,0.25653754
0.230448252,0.322715247,0.293444338,0.259719161
0.229175604,0.306807144,0.313170385,0.262900781
0.220903391,0.293444338,0.321442599,0.269900347
0.216449122,0.280717856,0.309352441,0.266718726
0.222176039,0.260991809,0.269264022,0.265446078
0.22853928,0.25335592,0.227266632,0.26417343
0.234266197,0.254628568,0.211358529,0.26735505
0.247629003,0.24253841,0.202449992,0.268627698
0.260991809,0.229811928,0.187178213,0.272445643
0.283263153,0.22853928,0.176360704,0.277536236
0.309352441,0.245083707,0.185269241,0.280081532
0.336714377,0.252719596,0.199904695,0.27817256
0.335441729,0.257810189,0.21772177,0.26735505
0.331623784,0.267991374,0.224721335,0.267991374
0.321442599,0.268627698,0.218358094,0.273718291
0.309988765,0.262900781,0.205631612,0.275627263
0.297262283,0.248265327,0.206904261,0.28135418
0.280717856,0.247629003,0.219630743,0.282626829
0.260355485,0.243174734,0.223448687,0.280081532
0.24253841,0.246356355,0.233629873,0.276263588
0.226630308,0.24253841,0.248901651,0.273718291
0.216449122,0.236811493,0.258446513,0.273081967
0.206267936,0.226630308,0.261628133,0.265446078
0.197359399,0.209449557,0.266082402,0.262900781
0.206904261,0.201177344,0.257173865,0.257173865
0.227266632,0.206904261,0.246992679,0.247629003
0.245083707,0.213267502,0.232993549,0.227266632
0.255264892,0.209449557,0.236811493,0.199904695
0.266082402,0.213903826,0.255264892,0.174451731
0.264809754,0.210722205,0.266718726,0.165543194
0.249537975,0.20054102,0.252083272,0.159816277
0.236811493,0.201813668,0.243174734,0.155362008
0.232993549,0.209449557,0.253992244,0.157270981
0.241902086,0.203086316,0.268627698,0.178906
0.249537975,0.196723075,0.273081967,0.20054102
0.249537975,0.206267936,0.28135418,0.220903391
0.237447817,0.234902521,0.282626829,0.23935679
0.229175604,0.259719161,0.281990504,0.252719596
0.219630743,0.280081532,0.288353745,0.262900781
0.204358964,0.301080227,0.27817256,0.266082402
0.192268806,0.308079793,0.267991374,0.257173865
0.196086751,0.300443903,0.263537106,0.250810624
0.211358529,0.284535801,0.26417343,0.250174299
0.215812798,0.269900347,0.262900781,0.255264892
0.206904261,0.269900347,0.257810189,0.255264892
0.206904261,0.271809319,0.257810189,0.261628133
0.207540585,0.283899477,0.247629003,0.264809754
0.215176474,0.281990504,0.234266197,0.273718291
0.218358094,0.270536671,0.238084142,0.284535801
0.227902956,0.263537106,0.243174734,0.297262283
0.229175604,0.273081967,0.234266197,0.310625089
0.23935679,0.290262718,0.212631177,0.313170385
0.260355485,0.296625959,0.217085446,0.302352876
0.272445643,0.297262283,0.264809754,0.285172125
0.26417343,0.290262718,0.317624654,0.276263588
0.266082402,0.28135418,0.313806709,0.276263588
0.280081532,0.271809319,0.259719161,0.274990939
0.287081097,0.264809754,0.20054102,0.272445643
0.280717856,0.255901216,0.170633787,0.26735505
0.275627263,0.247629003,0.176360704,0.266718726
0.264809754,0.238720466,0.19290513,0.267991374
0.257173865,0.219630743,0.211358529,0.268627698
0.255901216,0.211358529,0.218994418,0.268627698
0.276263588,0.208813233,0.217085446,0.26735505
0.3029892,0.202449992,0.220903391,0.259719161
0.323351571,0.20054102,0.234266197,0.24253841
0.327169516,0.20372264,0.249537975,0.226630308
0.315715682,0.20372264,0.262264457,0.204358964
0.311261413,0.201813668,0.259719161,0.186541889
0.308716117,0.199268371,0.250174299,0.168724815
0.291535366,0.20054102,0.247629003,0.159179953
0.272445643,0.210722205,0.243174734,0.154725684
0.255264892,0.216449122,0.23935679,0.161088925
0.245720031,0.205631612,0.23935679,0.169997463
0.243174734,0.199904695,0.25335592,0.178906
0.244447383,0.21772177,0.290262718,0.198632047
0.247629003,0.245083707,0.343077618,0.216449122
0.245720031,0.257810189,0.385711333,0.229811928
0.23935679,0.274354615,0.372348527,0.239993114
0.232993549,0.294080662,0.314443034,0.253992244
0.224085011,0.317624654,0.26735505,0.262264457
0.216449122,0.31698833,0.24253841,0.268627698
0.203086316,0.312534061,0.224721335,0.26735505
0.18972351,0.298534931,0.212631177,0.269900347
0.182723945,0.280717856,0.206904261,0.272445643
0.182723945,0.273718291,0.205631612,0.275627263
0.193541454,0.266718726,0.206904261,0.273718291
0.208813233,0.262900781,0.215812798,0.280081532
0.206904261,0.241902086,0.222812363,0.292808014
0.219630743,0.229175604,0.236175169,0.295353311
0.247629003,0.232357225,0.239993114,0.289626394
0.267991374,0.241902086,0.229175604,0.285172125
0.279445208,0.262900781,0.224721335,0.28135418
0.283263153,0.275627263,0.22853928,0.280081532
0.280717856,0.281990504,0.229811928,0.275627263
0.278808884,0.272445643,0.221539715,0.267991374
0.274354615,0.247629003,0.218994418,0.269264022
0.26735505,0.229811928,0.236811493,0.269900347
0.251446948,0.220903391,0.257173865,0.270536671
0.227902956,0.218994418,0.257810189,0.266082402
0.205631612,0.221539715,0.254628568,0.265446078
0.208176909,0.21454015,0.250810624,0.262900781
0.226630308,0.218994418,0.247629003,0.254628568
0.262900781,0.229811928,0.231720901,0.246992679
0.280717856,0.234266197,0.222812363,0.245083707
0.274990939,0.239993114,0.219630743,0.241902086
0.255264892,0.248901651,0.218358094,0.236811493
0.248265327,0.254628568,0.21772177,0.224721335
0.241265762,0.253992244,0.217085446,0.209449557
0.235538845,0.234266197,0.21454015,0.194814103
0.231720901,0.215812798,0.217085446,0.178906
0.225357659,0.208813233,0.229175604,0.163634222
0.208813233,0.190996158,0.237447817,0.154725684
0.182087621,0.161088925,0.245720031,0.155998333
0.167452166,0.154725684,0.248265327,0.171906435
0.172542759,0.168724815,0.26417343,0.196723075
0.196723075,0.199904695,0.274990939,0.222176039
0.231084576,0.224721335,0.288353745,0.23935679
0.266082402,0.250174299,0.297898607,0.249537975
0.280717856,0.275627263,0.312534061,0.254628568
0.27817256,0.301080227,0.311261413,0.258446513
0.273081967,0.311261413,0.298534931,0.266718726
0.268627698,0.315079358,0.287717421,0.273718291
0.258446513,0.311897737,0.280081532,0.281990504
0.23935679,0.298534931,0.277536236,0.278808884
0.225993984,0.280717856,0.271809319,0.278808884
0.219630743,0.26735505,0.269900347,0.280717856
0.234902521,0.255264892,0.26417343,0.290899042
0.246356355,0.231720901,0.234902521,0.297262283
0.248265327,0.21454015,0.236811493,0.288353745
0.255264892,0.221539715,0.241265762,0.27817256
0.250174299,0.243174734,0.234902521,0.273081967
0.24253841,0.271809319,0.246992679,0.273718291
0.250174299,0.297262283,0.258446513,0.274354615
0.265446078,0.306807144,0.272445643,0.276899912
0.275627263,0.313170385,0.265446078,0.280081532
0.271809319,0.301080227,0.240629438,0.27817256
0.257810189,0.295989635,0.232357225,0.273718291
0.264809754,0.285808449,0.232357225,0.271809319
0.283263153,0.279445208,0.237447817,0.265446078
0.290899042,0.276899912,0.250174299,0.259719161
0.301716552,0.271809319,0.253992244,0.254628568
0.309352441,0.255264892,0.241265762,0.249537975
0.30617082,0.235538845,0.221539715,0.252719596
0.29217169,0.213903826,0.212631177,0.246356355
0.282626829,0.204358964,0.201177344,0.234902521
0.271172995,0.195450427,0.190359834,0.220903391
0.257173865,0.178906,0.196086751,0.20372264
0.246992679,0.166179518,0.209449557,0.185905565
0.243174734,0.152180388,0.216449122,0.17572438
0.24253841,0.145817147,0.213267502,0.168724815
0.246356355,0.156634657,0.213267502,0.16808849
0.245083707,0.161725249,0.221539715,0.188450862
0.229175604,0.168724815,0.22853928,0.206267936
0.218994418,0.194177779,0.23935679,0.212631177
0.213903826,0.211358529,0.244447383,0.218994418
0.211358529,0.262264457,0.231720901,0.227266632
0.21454015,0.318260978,0.250174299,0.231084576
0.21772177,0.365348962,0.297262283,0.239993114
0.218994418,0.383166036,0.329714812,0.24253841
0.213903826,0.374893823,0.336714377,0.246992679
0.217085446,0.350077183,0.32780584,0.246992679
0.218358094,0.35262248,0.308716117,0.247629003
0.216449122,0.355167776,0.295353311,0.246992679
0.215176474,0.327169516,0.300443903,0.253992244
0.222176039,0.297262283,0.304898172,0.265446078
0.234902521,0.27817256,0.291535366,0.272445643
0.248265327,0.255264892,0.268627698,0.277536236
0.246356355,0.210722205,0.248901651,0.282626829
0.25335592,0.172542759,0.252083272,0.287081097
0.265446078,0.15408936,0.257810189,0.292808014
0.26417343,0.166815842,0.244447383,0.291535366
0.25653754,0.206904261,0.193541454,0.284535801
0.252719596,0.23935679,0.135635961,0.28899007
0.249537975,0.249537975,0.100638136,0.295353311
0.235538845,0.238720466,0.103819756,0.300443903
0.227902956,0.227902956,0.138817582,0.290262718
0.232357225,0.234902521,0.190996158,0.285808449
0.231720901,0.249537975,0.220903391,0.276899912
0.229175604,0.250810624,0.220267067,0.271809319
0.236811493,0.23935679,0.220903391,0.262900781
0.250810624,0.217085446,0.224085011,0.265446078
0.262900781,0.20054102,0.232357225,0.266082402
0.275627263,0.199904695,0.238084142,0.269900347
0.290262718,0.20372264,0.240629438,0.262264457
0.303625524,0.21454015,0.252083272,0.247629003
0.298534931,0.226630308,0.276899912,0.229175604
0.277536236,0.23935679,0.323987895,0.218994418
0.258446513,0.243174734,0.323351571,0.195450427
0.246992679,0.226630308,0.285808449,0.176997028
0.244447383,0.204358964,0.255264892,0.156634657
0.24253841,0.195450427,0.246356355,0.15090774
0.235538845,0.195450427,0.252083272,0.162997898
0.225357659,0.199268371,0.249537975,0.176360704
0.224085011,0.202449992,0.245083707,0.19290513
0.227266632,0.218994418,0.262264457,0.211994853
0.227266632,0.262264457,0.271809319,0.224721335
0.236811493,0.295989635,0.285172125,0.230448252
0.238720466,0.3029892,0.290262718,0.236811493
0.22853928,0.304261848,0.281990504,0.246992679
0.222176039,0.309988765,0.272445643,0.25335592
0.21772177,0.302352876,0.258446513,0.259082837
0.224721335,0.290262718,0.255264892,0.26417343
0.236175169,0.276899912,0.253992244,0.262900781
0.240629438,0.280081532,0.260355485,0.263537106
0.246992679,0.294716986,0.266718726,0.267991374
0.249537975,0.308079793,0.250810624,0.267991374
0.261628133,0.311261413,0.225993984,0.271809319
0.274990939,0.295989635,0.206904261,0.275627263
0.28899007,0.270536671,0.212631177,0.276899912
0.321442599,0.264809754,0.227902956,0.282626829
0.337987025,0.255901216,0.233629873,0.283263153
0.326533192,0.25653754,0.232357225,0.286444773
0.3029892,0.26417343,0.229175604,0.28899007
0.285808449,0.262264457,0.225993984,0.292808014
0.273081967,0.252719596,0.224721335,0.297898607
0.265446078,0.233629873,0.227902956,0.294716986
0.255901216,0.227902956,0.260991809,0.29217169
0.250810624,0.21772177,0.297898607,0.283263153
0.243811058,0.209449557,0.303625524,0.275627263
0.240629438,0.211358529,0.273081967,0.265446078
0.240629438,0.225357659,0.22853928,0.261628133
0.246992679,0.232357225,0.208813233,0.260355485
0.252719596,0.233629873,0.206267936,0.255264892
0.259082837,0.236175169,0.210085881,0.232357225
0.261628133,0.24253841,0.218358094,0.221539715
0.255264892,0.251446948,0.227266632,0.218358094
0.246992679,0.250174299,0.246356355,0.211994853
0.236811493,0.241902086,0.260355485,0.20372264
0.222176039,0.227266632,0.264809754,0.190996158
0.203086316,0.210722205,0.253992244,0.176997028
0.190996158,0.187814538,0.235538845,0.165543194
0.173179083,0.176997028,0.231084576,0.161088925
0.165543194,0.171270111,0.243811058,0.167452166
0.172542759,0.182087621,0.257173865,0.184632917
0.190996158,0.205631612,0.274990939,0.201813668
0.216449122,0.24253841,0.287717421,0.218994418
0.231720901,0.273718291,0.294080662,0.232993549
0.23935679,0.296625959,0.302352876,0.247629003
0.241902086,0.308716117,0.302352876,0.262900781
0.236811493,0.309352441,0.295989635,0.274354615
0.225993984,0.297262283,0.284535801,0.27817256
0.220903391,0.31698833,0.271809319,0.276263588
0.224721335,0.343077618,0.259719161,0.273081967
0.229175604,0.338623349,0.254628568,0.273718291
0.219630743,0.313170385,0.264809754,0.272445643
0.221539715,0.287081097,0.268627698,0.275627263
0.250174299,0.255264892,0.262264457,0.27817256
0.260355485,0.231084576,0.246356355,0.279445208
0.26735505,0.221539715,0.244447383,0.280081532
0.280081532,0.222176039,0.247629003,0.27817256
0.290262718,0.213903826,0.244447383,0.276899912
0.281990504,0.204995288,0.231084576,0.266718726
0.280081532,0.197359399,0.222176039,0.266718726
0.280081532,0.210722205,0.20372264,0.271172995
0.275627263,0.21454015,0.181451297,0.274990939
0.28899007,0.218994418,0.185905565,0.270536671
0.302352876,0.227266632,0.209449557,0.270536671
0.298534931,0.237447817,0.210722205,0.267991374
0.278808884,0.234266197,0.207540585,0.266718726
0.262900781,0.227266632,0.211358529,0.260991809
0.259082837,0.220267067,0.218994418,0.259082837
0.259719161,0.218358094,0.231720901,0.257810189
0.250174299,0.207540585,0.239993114,0.257173865
0.244447383,0.198632047,0.240629438,0.252719596
0.245720031,0.192268806,0.245720031,0.244447383
0.246356355,0.178906,0.255264892,0.233629873
0.23935679,0.193541454,0.255264892,0.21772177
0.237447817,0.21454015,0.232357225,0.20372264
0.237447817,0.234266197,0.213903826,0.190359834
0.231084576,0.237447817,0.217085446,0.17572438
0.224721335,0.232357225,0.225993984,0.169361139
0.213903826,0.237447817,0.26417343,0.176997028
0.211994853,0.238720466,0.3029892,0.181451297
0.218994418,0.238084142,0.303625524,0.188450862
0.224721335,0.241265762,0.290262718,0.199268371
0.225357659,0.263537106,0.267991374,0.21772177
0.216449122,0.293444338,0.255264892,0.232357225
0.215176474,0.325896867,0.259719161,0.240629438
0.219630743,0.351986156,0.266082402,0.246356355
0.227266632,0.360258369,0.26735505,0.25335592
0.23935679,0.346259239,0.292808014,0.26417343
0.252083272,0.334805405,0.315079358,0.268627698
0.255901216,0.315079358,0.324624219,0.271172995
0.253992244,0.29217169,0.319533626,0.273718291
0.251446948,0.274990939,0.308716117,0.274354615
0.25335592,0.251446948,0.293444338,0.27817256
0.262900781,0.225993984,0.271172995,0.28899007
0.270536671,0.213903826,0.252719596,0.297262283
0.266082402,0.222812363,0.234266197,0.301080227
0.257810189,0.246356355,0.207540585,0.28899007
0.252719596,0.262264457,0.203086316,0.274354615
0.261628133,0.268627698,0.204358964,0.269264022
0.276899912,0.271172995,0.20372264,0.266718726
0.285172125,0.269900347,0.196723075,0.264809754
0.280717856,0.269264022,0.176360704,0.269264022
0.267991374,0.258446513,0.155362008,0.273081967
0.255264892,0.246992679,0.159179953,0.275627263
0.238084142,0.241265762,0.186541889,0.276899912
0.221539715,0.232357225,0.218994418,0.275627263
0.215812798,0.218358094,0.236811493,0.26735505
0.230448252,0.206267936,0.245720031,0.264809754
0.23935679,0.193541454,0.254628568,0.260355485
0.246356355,0.18972351,0.249537975,0.257173865
0.258446513,0.185905565,0.237447817,0.25335592
0.273718291,0.199904695,0.225993984,0.244447383
0.269900347,0.229811928,0.208176909,0.227266632
0.265446078,0.239993114,0.247629003,0.211358529
0.267991374,0.246356355,0.322078923,0.188450862
0.26735505,0.237447817,0.355167776,0.171270111
0.249537975,0.224721335,0.313806709,0.16490687
0.223448687,0.206904261,0.26417343,0.162997898
0.192268806,0.201813668,0.232993549,0.171270111
0.185269241,0.190996158,0.207540585,0.180814972
0.208813233,0.174451731,0.195450427,0.193541454
0.249537975,0.176997028,0.198632047,0.217085446
0.265446078,0.211994853,0.212631177,0.23935679
0.255264892,0.250174299,0.237447817,0.255264892
0.246356355,0.273081967,0.252083272,0.273081967
0.248265327,0.295353311,0.255901216,0.281990504
0.25335592,0.318897302,0.251446948,0.27817256
0.254628568,0.334169081,0.266718726,0.269264022
0.254628568,0.341168646,0.272445643,0.26735505
0.251446948,0.341168646,0.26735505,0.262264457
0.253992244,0.334169081,0.269900347,0.253992244
0.255264892,0.309352441,0.252719596,0.247629003
0.252719596,0.270536671,0.231720901,0.248265327
0.262900781,0.235538845,0.231084576,0.260355485
0.266718726,0.219630743,0.231720901,0.273081967
0.257173865,0.210722205,0.234902521,0.27817256
0.244447383,0.215812798,0.237447817,0.275627263
0.24253841,0.226630308,0.245083707,0.276899912
0.246356355,0.22853928,0.234266197,0.273718291
0.252083272,0.244447383,0.233629873,0.274354615
0.247629003,0.260355485,0.25335592,0.277536236
0.237447817,0.274354615,0.252083272,0.282626829
0.225993984,0.270536671,0.239993114,0.28899007
0.227266632,0.273718291,0.239993114,0.290262718
0.232357225,0.271172995,0.245720031,0.285808449
0.232357225,0.250174299,0.244447383,0.27817256
0.236811493,0.236811493,0.248901651,0.276263588
0.252083272,0.22853928,0.262900781,0.267991374
0.255264892,0.217085446,0.274354615,0.260355485
0.252719596,0.196086751,0.276263588,0.250174299
0.255264892,0.178269676,0.274354615,0.244447383
0.261628133,0.185905565,0.270536671,0.229811928
0.267991374,0.201813668,0.262900781,0.216449122
0.264809754,0.212631177,0.254628568,0.205631612
0.26735505,0.220903391,0.25335592,0.190359834
0.273081967,0.222176039,0.252083272,0.174451731
0.26417343,0.221539715,0.239993114,0.166179518
0.251446948,0.211994853,0.252083272,0.158543629
0.239993114,0.211358529,0.266718726,0.162361574
0.232993549,0.202449992,0.247629003,0.180814972
0.224721335,0.20054102,0.224721335,0.196723075
0.224085011,0.223448687,0.224721335,0.208176909
0.236811493,0.259082837,0.241902086,0.216449122
0.246992679,0.281990504,0.248265327,0.231720901
0.246992679,0.303625524,0.241265762,0.244447383
0.234902521,0.329078488,0.243811058,0.255264892
0.213903826,0.350713507,0.241902086,0.260355485
0.205631612,0.349440859,0.23935679,0.268627698
0.206267936,0.343713942,0.248265327,0.271172995
0.216449122,0.330351136,0.275627263,0.268627698
0.223448687,0.317624654,0.28899007,0.269264022
0.224721335,0.297898607,0.283899477,0.269900347
0.230448252,0.28135418,0.269900347,0.276263588
0.24253841,0.264809754,0.251446948,0.281990504
0.247629003,0.257173865,0.236811493,0.287717421
0.249537975,0.252719596,0.234902521,0.285172125
0.248901651,0.250810624,0.24253841,0.278808884
0.257173865,0.243174734,0.237447817,0.280081532
0.255901216,0.240629438,0.22853928,0.276899912
0.252719596,0.244447383,0.22853928,0.275627263
0.250810624,0.244447383,0.23935679,0.27817256
0.257810189,0.229175604,0.246356355,0.280717856
0.273718291,0.224721335,0.246992679,0.275627263
0.283899477,0.231720901,0.250810624,0.27817256
0.27817256,0.229811928,0.252083272,0.27817256
0.270536671,0.215176474,0.248265327,0.273718291
0.271172995,0.184632917,0.237447817,0.265446078
0.275627263,0.161088925,0.230448252,0.263537106
0.276263588,0.149635092,0.232357225,0.264809754
0.273718291,0.144544499,0.23935679,0.266082402
0.263537106,0.15090774,0.232993549,0.258446513
0.257810189,0.172542759,0.227266632,0.246356355
0.257810189,0.195450427,0.226630308,0.235538845
0.259719161,0.211358529,0.234902521,0.216449122
0.269264022,0.229175604,0.231720901,0.191632482
0.277536236,0.248901651,0.234902521,0.170633787
0.276899912,0.252719596,0.244447383,0.159179953
0.269900347,0.252719596,0.247629003,0.156634657
0.251446948,0.255901216,0.245720031,0.164270546
0.237447817,0.250174299,0.239993114,0.171906435
0.233629873,0.226630308,0.230448252,0.187178213
0.233629873,0.213903826,0.238084142,0.198632047
0.229811928,0.241902086,0.259719161,0.21772177
0.22853928,0.290262718,0.269264022,0.234902521
0.225993984,0.334169081,0.261628133,0.252083272
0.21772177,0.358349397,0.255264892,0.262900781
0.206267936,0.372984851,0.271809319,0.26735505
0.20372264,0.367894258,0.320806275,0.262264457
0.211994853,0.358985721,0.348804535,0.263537106
0.21772177,0.345622915,0.336714377,0.26735505
0.220903391,0.329714812,0.309352441,0.266082402
0.226630308,0.309988765,0.283899477,0.269900347
0.224721335,0.285808449,0.260355485,0.273718291
0.231720901,0.255264892,0.237447817,0.27817256
0.237447817,0.229175604,0.225993984,0.275627263
0.236811493,0.199268371,0.224721335,0.272445643
0.243174734,0.196723075,0.219630743,0.273081967
0.250810624,0.208813233,0.212631177,0.287081097
0.254628568,0.222176039,0.218994418,0.291535366
0.262264457,0.240629438,0.234266197,0.290899042
0.273718291,0.252719596,0.236175169,0.292808014
0.281990504,0.259082837,0.220267067,0.292808014
0.295989635,0.259082837,0.217085446,0.283263153
0.304261848,0.252719596,0.241265762,0.275627263
0.301716552,0.243811058,0.262264457,0.278808884
0.280717856,0.227266632,0.247629003,0.273718291
0.261628133,0.196723075,0.215812798,0.271809319
0.261628133,0.172542759,0.199904695,0.261628133
0.257173865,0.189087186,0.193541454,0.247629003
0.252719596,0.205631612,0.193541454,0.227902956
0.247629003,0.219630743,0.186541889,0.223448687
0.23935679,0.231084576,0.182723945,0.225993984
0.224721335,0.245083707,0.202449992,0.227266632
0.218994418,0.257173865,0.22853928,0.218994418
0.218358094,0.257810189,0.241902086,0.206267936
0.224721335,0.252083272,0.254628568,0.194177779
0.222812363,0.245720031,0.266718726,0.181451297
0.21772177,0.232357225,0.270536671,0.175088056
0.212631177,0.206904261,0.280717856,0.180814972
0.206267936,0.154725684,0.281990504,0.185269241
0.206267936,0.121636831,0.283263153,0.188450862
0.20372264,0.132454341,0.305534496,0.199268371
0.211358529,0.184632917,0.320806275,0.21772177
0.227902956,0.224085011,0.326533192,0.233629873
0.241265762,0.25653754,0.316352006,0.241902086
0.249537975,0.26735505,0.295353311,0.246356355
0.259719161,0.265446078,0.276899912,0.252719596
0.255264892,0.259082837,0.265446078,0.255264892
0.255264892,0.270536671,0.251446948,0.252719596
0.258446513,0.278808884,0.224721335,0.247629003
0.250174299,0.294080662,0.207540585,0.25335592
0.229811928,0.315715682,0.209449557,0.259082837
0.207540585,0.329078488,0.211358529,0.26417343
0.212631177,0.318897302,0.218994418,0.266082402
0.238720466,0.307443468,0.211994853,0.276263588
0.27817256,0.301080227,0.220903391,0.290262718
0.295353311,0.303625524,0.231720901,0.298534931
0.296625959,0.296625959,0.244447383,0.299807579
0.303625524,0.271172995,0.247629003,0.293444338
0.307443468,0.264809754,0.254628568,0.287081097
0.298534931,0.271172995,0.260355485,0.287717421
0.28135418,0.271172995,0.252083272,0.280717856
0.246356355,0.269900347,0.23935679,0.280081532
0.218358094,0.253992244,0.215812798,0.281990504
0.208813233,0.217085446,0.193541454,0.280081532
0.21454015,0.196723075,0.189087186,0.280717856
0.222812363,0.194177779,0.201813668,0.276899912
0.226630308,0.19290513,0.21772177,0.271809319
0.236811493,0.198632047,0.232357225,0.268627698
0.248265327,0.221539715,0.237447817,0.261628133
0.25653754,0.247629003,0.232993549,0.257173865
0.261628133,0.260355485,0.231084576,0.24253841
0.270536671,0.260355485,0.25335592,0.231720901
0.280717856,0.255264892,0.285808449,0.217085446
0.278808884,0.245083707,0.30617082,0.201813668
0.268627698,0.230448252,0.302352876,0.188450862
0.254628568,0.206267936,0.280717856,0.175088056
0.248901651,0.185269241,0.241265762,0.169997463
0.252083272,0.179542324,0.215176474,0.180178648
0.250174299,0.169361139,0.209449557,0.185269241
0.257173865,0.169997463,0.238720466,0.188450862
0.266718726,0.187178213,0.283263153,0.199904695
0.268627698,0.222812363,0.302352876,0.212631177
0.266718726,0.25335592,0.281990504,0.218994418
0.25653754,0.268627698,0.252083272,0.227266632
0.23935679,0.287717421,0.246992679,0.237447817
0.211994853,0.318260978,0.250174299,0.245083707
0.18972351,0.336714377,0.245720031,0.247629003
0.183996593,0.328442164,0.25335592,0.248901651
0.199268371,0.309352441,0.258446513,0.252719596
0.222176039,0.288353745,0.262264457,0.264809754
0.24253841,0.266718726,0.255901216,0.273081967
0.265446078,0.245720031,0.274354615,0.273718291
0.287081097,0.234266197,0.308716117,0.274990939
0.291535366,0.235538845,0.309988765,0.273718291
0.297262283,0.24253841,0.307443468,0.275627263
0.28899007,0.254628568,0.300443903,0.277536236
0.27817256,0.273718291,0.285172125,0.283899477
0.267991374,0.284535801,0.260355485,0.28899007
0.252083272,0.273718291,0.23935679,0.293444338
0.246356355,0.241902086,0.20372264,0.297262283
0.24253841,0.210085881,0.187178213,0.297262283
0.236175169,0.188450862,0.20372264,0.294716986
0.241265762,0.196723075,0.246356355,0.290262718
0.237447817,0.222812363,0.260991809,0.287717421
0.226630308,0.232993549,0.250174299,0.27817256
0.227902956,0.225357659,0.236811493,0.266718726
0.241265762,0.217085446,0.245083707,0.260355485
0.243174734,0.236175169,0.263537106,0.258446513
0.232993549,0.259719161,0.274990939,0.250810624
0.229811928,0.253992244,0.272445643,0.246992679
0.233629873,0.243811058,0.260355485,0.24253841
0.230448252,0.252083272,0.260991809,0.234902521
0.221539715,0.263537106,0.275627263,0.220903391
0.215176474,0.261628133,0.285808449,0.195450427
0.224085011,0.245720031,0.273718291,0.176360704
0.234902521,0.231084576,0.249537975,0.158543629
0.243174734,0.227266632,0.224085011,0.151544064
0.250810624,0.232357225,0.196723075,0.164270546
0.248265327,0.246356355,0.179542324,0.183996593
0.243174734,0.261628133,0.143271851,0.201177344
0.238720466,0.268627698,0.096183867,0.220903391
0.230448252,0.285172125,0.114637266,0.236175169
0.220903391,0.282626829,0.211358529,0.243811058
0.221539715,0.280081532,0.309352441,0.248901651
0.231084576,0.297262283,0.346259239,0.246356355
0.235538845,0.315715682,0.310625089,0.244447383
0.234902521,0.300443903,0.252719596,0.241902086
0.235538845,0.273081967,0.217085446,0.244447383
0.246356355,0.25335592,0.201813668,0.243174734
0.262900781,0.243811058,0.176997028,0.246992679
0.266718726,0.245083707,0.156634657,0.257173865
0.269900347,0.239993114,0.162361574,0.269900347
0.269264022,0.212631177,0.196723075,0.281990504
0.268627698,0.190359834,0.231720901,0.294080662
0.270536671,0.176997028,0.24253841,0.294716986
0.269900347,0.192268806,0.24253841,0.295989635
0.26735505,0.220903391,0.246356355,0.294080662
0.259082837,0.245083707,0.258446513,0.291535366
0.252083272,0.269264022,0.285808449,0.293444338
0.248901651,0.285172125,0.300443903,0.3029892
0.245083707,0.275627263,0.290262718,0.303625524
0.232993549,0.252083272,0.26735505,0.293444338
0.222176039,0.238720466,0.246356355,0.280717856
0.216449122,0.224721335,0.232357225,0.273081967
0.215176474,0.226630308,0.240629438,0.263537106
0.215812798,0.231084576,0.248901651,0.254628568
0.224085011,0.231084576,0.238720466,0.248901651
0.231720901,0.236811493,0.233629873,0.246356355
0.241265762,0.244447383,0.237447817,0.24253841
0.247629003,0.248901651,0.25335592,0.241902086
0.247629003,0.243811058,0.26417343,0.235538845
0.250174299,0.245083707,0.262900781,0.220903391
0.263537106,0.255264892,0.260991809,0.209449557
0.275627263,0.246356355,0.248265327,0.190996158
0.277536236,0.234902521,0.229175604,0.176360704
0.269900347,0.224085011,0.224721335,0.16490687
0.26735505,0.213903826,0.224085011,0.162361574
0.257810189,0.204358964,0.222176039,0.169997463
0.259719161,0.206267936,0.217085446,0.178906
0.272445643,0.223448687,0.237447817,0.185905565
0.290899042,0.249537975,0.279445208,0.199268371
0.30617082,0.27817256,0.305534496,0.21454015
0.313170385,0.297262283,0.309352441,0.229811928
0.322078923,0.310625089,0.301080227,0.245083707
0.33098746,0.311261413,0.292808014,0.261628133
0.333532757,0.301716552,0.28135418,0.27817256
0.329714812,0.285808449,0.275627263,0.28899007
0.29217169,0.280717856,0.280717856,0.296625959
0.262264457,0.287717421,0.283263153,0.292808014
0.262264457,0.295989635,0.286444773,0.283263153
0.252083272,0.289626394,0.288353745,0.276263588
0.237447817,0.280717856,0.288353745,0.266718726
0.21772177,0.271809319,0.29217169,0.264809754
0.198632047,0.255901216,0.28899007,0.267991374
0.202449992,0.241902086,0.278808884,0.279445208
0.208176909,0.247629003,0.272445643,0.278808884
0.213267502,0.250810624,0.259082837,0.280081532
0.199904695,0.248265327,0.245720031,0.282626829
0.182087621,0.252083272,0.237447817,0.275627263
0.173815407,0.252719596,0.225993984,0.266718726
0.153453036,0.238720466,0.224085011,0.259719161
0.147089795,0.223448687,0.241265762,0.259719161
0.160452601,0.209449557,0.280717856,0.262900781
0.153453036,0.196086751,0.323987895,0.266082402
0.171270111,0.194814103,0.320169951,0.271809319
0.215812798,0.193541454,0.294716986,0.269900347
0.259719161,0.194814103,0.259082837,0.263537106
0.288353745,0.189087186,0.209449557,0.262264457
0.296625959,0.185269241,0.15090774,0.259082837
0.301080227,0.190359834,0.121000507,0.252083272
0.316352006,0.20372264,0.127363748,0.240629438
0.321442599,0.217085446,0.120364183,0.223448687
0.315715682,0.225993984,0.102547108,0.212631177
0.294716986,0.231720901,0.139453906,0.20054102
0.269264022,0.232993549,0.187178213,0.190996158
0.234902521,0.213903826,0.208176909,0.181451297
0.207540585,0.197995723,0.199904695,0.178269676
0.207540585,0.195450427,0.21772177,0.176360704
0.227266632,0.196086751,0.255901216,0.185269241
0.231084576,0.203086316,0.262900781,0.196723075
0.223448687,0.227266632,0.249537975,0.206267936
0.225357659,0.268627698,0.252719596,0.223448687
0.236175169,0.303625524,0.271172995,0.234266197
0.239993114,0.32780584,0.300443903,0.24253841
0.231720901,0.358349397,0.329078488,0.246356355
0.225993984,0.384438685,0.326533192,0.25653754
0.232357225,0.378711768,0.310625089,0.266718726
0.246356355,0.358349397,0.293444338,0.271172995
0.248265327,0.336078053,0.282626829,0.271172995
0.24253841,0.317624654,0.273081967,0.271172995
0.239993114,0.308716117,0.266082402,0.269264022
0.246356355,0.293444338,0.267991374,0.269900347
0.247629003,0.265446078,0.262264457,0.279445208
0.261628133,0.244447383,0.259719161,0.289626394
0.278808884,0.225357659,0.255264892,0.288353745
0.281990504,0.224085011,0.244447383,0.287081097
0.278808884,0.220267067,0.247629003,0.284535801
0.26735505,0.220903391,0.269900347,0.283263153
0.258446513,0.232357225,0.282626829,0.283263153
0.25653754,0.22853928,0.275627263,0.294080662
0.249537975,0.219630743,0.250810624,0.293444338
0.241902086,0.221539715,0.227902956,0.28899007
0.232357225,0.219630743,0.206904261,0.285808449
0.223448687,0.209449557,0.185905565,0.279445208
0.220903391,0.192268806,0.173179083,0.266718726
0.222812363,0.19290513,0.181451297,0.243811058
0.237447817,0.209449557,0.24253841,0.232357225
0.257810189,0.215176474,0.285808449,0.231720901
0.274354615,0.206904261,0.287081097,0.232357225
0.278808884,0.199268371,0.285172125,0.231720901
0.278808884,0.213267502,0.273081967,0.22853928
0.274990939,0.234902521,0.267991374,0.219630743
0.276899912,0.245083707,0.263537106,0.20372264
0.275627263,0.245720031,0.248265327,0.185269241
0.274354615,0.23935679,0.218994418,0.176997028
0.269264022,0.222176039,0.178269676,0.167452166
0.265446078,0.204358964,0.150271416,0.16808849
0.245720031,0.20372264,0.145180823,0.17572438
0.22853928,0.21772177,0.155998333,0.184632917
0.227266632,0.229811928,0.180814972,0.193541454
0.229175604,0.23935679,0.221539715,0.20372264
0.224721335,0.25653754,0.249537975,0.213903826
0.222812363,0.273081967,0.26417343,0.232357225
0.227902956,0.281990504,0.272445643,0.243811058
0.236811493,0.288353745,0.286444773,0.25653754
0.236175169,0.272445643,0.298534931,0.26735505
0.218358094,0.239993114,0.294080662,0.276263588
0.197995723,0.216449122,0.295353311,0.27817256
0.190996158,0.218994418,0.309988765,0.276899912
0.192268806,0.229811928,0.324624219,0.273718291
0.202449992,0.244447383,0.319533626,0.272445643
0.230448252,0.255264892,0.297262283,0.273718291
0.250174299,0.26417343,0.287081097,0.282626829
0.26735505,0.275627263,0.309352441,0.291535366
0.280717856,0.287081097,0.32780584,0.28899007
0.282626829,0.313806709,0.324624219,0.281990504
0.285808449,0.328442164,0.322715247,0.276899912
0.285808449,0.337350701,0.324624219,0.275627263
0.277536236,0.358985721,0.300443903,0.274354615
0.279445208,0.354531452,0.246356355,0.276263588
0.278808884,0.326533192,0.17572438,0.283263153
0.272445643,0.295353311,0.111455645,0.278808884
0.26417343,0.264809754,0.126727424,0.270536671
0.241265762,0.243174734,0.159816277,0.258446513
0.218358094,0.227266632,0.171906435,0.261628133
0.231720901,0.210722205,0.186541889,0.270536671
0.249537975,0.187814538,0.213903826,0.274990939
0.259719161,0.161725249,0.255264892,0.274354615
0.260355485,0.152180388,0.26735505,0.262900781
0.245083707,0.162997898,0.269264022,0.250174299
0.234902521,0.191632482,0.266082402,0.238084142
0.232993549,0.217085446,0.232993549,0.225993984
0.234902521,0.233629873,0.165543194,0.208813233
0.241265762,0.234902521,0.138181258,0.187178213
0.246356355,0.227266632,0.211358529,0.178269676
0.241265762,0.198632047,0.300443903,0.172542759
0.24253841,0.177633352,0.321442599,0.174451731
0.243811058,0.163634222,0.294080662,0.176360704
0.234902521,0.149635092,0.241265762,0.183996593
0.232993549,0.159179953,0.204995288,0.188450862
0.232357225,0.191632482,0.185269241,0.201813668
0.229811928,0.250810624,0.179542324,0.218994418
0.237447817,0.295353311,0.190996158,0.234902521
0.251446948,0.313170385,0.198632047,0.249537975
0.272445643,0.307443468,0.216449122,0.259719161
0.287081097,0.311261413,0.262264457,0.26735505
0.285808449,0.331623784,0.308079793,0.271172995
0.279445208,0.354531452,0.323987895,0.273081967
0.265446078,0.365348962,0.309988765,0.268627698
0.249537975,0.365985286,0.30617082,0.265446078
0.236175169,0.351349831,0.346895563,0.264809754
0.234902521,0.321442599,0.393983546,0.264809754
0.234266197,0.295989635,0.369166906,0.273718291
0.241265762,0.266718726,0.300443903,0.284535801
0.23935679,0.222812363,0.23935679,0.292808014
0.231720901,0.170633787,0.220903391,0.28899007
0.224721335,0.149635092,0.225993984,0.290262718
0.21772177,0.154725684,0.218358094,0.283899477
0.203086316,0.180178648,0.207540585,0.280081532
0.196723075,0.210722205,0.205631612,0.283263153
0.21454015,0.227266632,0.210722205,0.281990504
0.231720901,0.234902521,0.192268806,0.278808884
0.24253841,0.241265762,0.175088056,0.279445208
0.243811058,0.240629438,0.185905565,0.275627263
0.244447383,0.232357225,0.190359834,0.267991374
0.246356355,0.236175169,0.199268371,0.258446513
0.246992679,0.231720901,0.211358529,0.257810189
0.241265762,0.226630308,0.211358529,0.253992244
0.245083707,0.225357659,0.197359399,0.250174299
0.262900781,0.234266197,0.206904261,0.243174734
0.276263588,0.246356355,0.229811928,0.23935679
0.288353745,0.248265327,0.237447817,0.22853928
0.284535801,0.247629003,0.231720901,0.218994418
0.28135418,0.241265762,0.224085011,0.206904261
0.301716552,0.234266197,0.216449122,0.196723075
0.320169951,0.231084576,0.227902956,0.181451297
0.323987895,0.23935679,0.246356355,0.171906435
0.31698833,0.231720901,0.254628568,0.168724815
0.318897302,0.222176039,0.259082837,0.170633787
0.313170385,0.229175604,0.266718726,0.176360704
0.29217169,0.257810189,0.280717856,0.186541889
0.269900347,0.295989635,0.297262283,0.202449992
0.257810189,0.30617082,0.30617082,0.213903826
0.244447383,0.308716117,0.323987895,0.222176039
0.232357225,0.308716117,0.354531452,0.234902521
0.234266197,0.298534931,0.360894693,0.243174734
0.241265762,0.285808449,0.34180497,0.257173865
0.24253841,0.276263588,0.308079793,0.26735505
0.216449122,0.26735505,0.27817256,0.27817256
0.170633787,0.254628568,0.27817256,0.285172125
0.164270546,0.234902521,0.284535801,0.292808014
0.185905565,0.227902956,0.290899042,0.289626394
0.213903826,0.231720901,0.27817256,0.280717856
0.227266632,0.237447817,0.262900781,0.28135418
0.234902521,0.238720466,0.249537975,0.288353745
0.229811928,0.262264457,0.230448252,0.290262718
0.221539715,0.285808449,0.211358529,0.284535801
0.199904695,0.293444338,0.216449122,0.276899912
0.183360269,0.297898607,0.226630308,0.272445643
0.192268806,0.299807579,0.225993984,0.273081967
0.213903826,0.297898607,0.225993984,0.274990939
0.232357225,0.285808449,0.229175604,0.275627263
0.23935679,0.260355485,0.203086316,0.279445208
0.251446948,0.229811928,0.16808849,0.287081097
0.251446948,0.210722205,0.173815407,0.288353745
0.232993549,0.20054102,0.211358529,0.278808884
0.220267067,0.183996593,0.236175169,0.272445643
0.234902521,0.176360704,0.241265762,0.266718726
0.246356355,0.176360704,0.220903391,0.255901216
0.259082837,0.182723945,0.185905565,0.246992679
0.271172995,0.185905565,0.173179083,0.236811493
0.275627263,0.210722205,0.188450862,0.232357225
0.275627263,0.224085011,0.196723075,0.21772177
0.281990504,0.222812363,0.186541889,0.196086751
0.286444773,0.208176909,0.183996593,0.17572438
0.280081532,0.185905565,0.221539715,0.167452166
0.272445643,0.176997028,0.248265327,0.163634222
0.259719161,0.172542759,0.257173865,0.162997898
0.254628568,0.192268806,0.251446948,0.174451731
0.241902086,0.218994418,0.248901651,0.19290513
0.224085011,0.25335592,0.278808884,0.211994853
0.21454015,0.297898607,0.334169081,0.229175604
0.213267502,0.33098746,0.353895128,0.236811493
0.21454015,0.339259674,0.343713942,0.241902086
0.238720466,0.332896433,0.33098746,0.253992244
0.257173865,0.329714812,0.314443034,0.263537106
0.255264892,0.323987895,0.296625959,0.268627698
0.238720466,0.30617082,0.280081532,0.266718726
0.232357225,0.284535801,0.243811058,0.25653754
0.239993114,0.259082837,0.194177779,0.255264892
0.243174734,0.241265762,0.190996158,0.259719161
0.248901651,0.230448252,0.227902956,0.26735505
0.25653754,0.218994418,0.25335592,0.280717856
0.271809319,0.194177779,0.252719596,0.283899477
0.276899912,0.171906435,0.266718726,0.278808884
0.267991374,0.176360704,0.283263153,0.273081967
0.259082837,0.210085881,0.281990504,0.275627263
0.257810189,0.244447383,0.259082837,0.274990939
0.246992679,0.260355485,0.241265762,0.269900347
0.253992244,0.26417343,0.235538845,0.276899912
0.246356355,0.266082402,0.245083707,0.279445208
0.236175169,0.274990939,0.238720466,0.279445208
0.231720901,0.283899477,0.249537975,0.278808884
0.223448687,0.292808014,0.271172995,0.278808884
0.224721335,0.285808449,0.27817256,0.274354615
0.232357225,0.26417343,0.25653754,0.269264022
0.23935679,0.252083272,0.222176039,0.263537106
0.260355485,0.241902086,0.187814538,0.258446513
0.285172125,0.227266632,0.168724815,0.259719161
0.28899007,0.224085011,0.172542759,0.253992244
0.29217169,0.245083707,0.174451731,0.241902086
0.286444773,0.247629003,0.17572438,0.230448252
0.274354615,0.241265762,0.188450862,0.218994418
0.259719161,0.24253841,0.211994853,0.197995723
0.249537975,0.241902086,0.251446948,0.180178648
0.241265762,0.224721335,0.275627263,0.16490687
0.235538845,0.201177344,0.265446078,0.160452601
0.216449122,0.20372264,0.243811058,0.165543194
0.194177779,0.205631612,0.237447817,0.178906
0.190359834,0.208176909,0.262900781,0.189087186
0.210722205,0.22853928,0.288353745,0.205631612
0.238720466,0.260355485,0.284535801,0.218358094
0.259719161,0.285808449,0.275627263,0.232993549
0.266082402,0.299807579,0.274990939,0.248901651
0.268627698,0.313170385,0.281990504,0.261628133
0.258446513,0.314443034,0.278808884,0.262900781
0.249537975,0.292808014,0.265446078,0.262900781
0.250174299,0.272445643,0.259082837,0.262264457
0.245083707,0.259082837,0.255901216,0.25653754
0.234266197,0.248901651,0.258446513,0.248265327
0.247629003,0.241265762,0.249537975,0.246992679
0.260991809,0.241265762,0.263537106,0.254628568
0.258446513,0.234902521,0.30617082,0.26735505
0.245720031,0.213267502,0.324624219,0.274990939
0.239993114,0.222176039,0.295989635,0.281990504
0.241265762,0.25653754,0.231084576,0.288353745
0.236175169,0.266718726,0.210085881,0.295353311
0.22853928,0.253992244,0.21772177,0.293444338
0.234902521,0.246992679,0.215176474,0.290899042
0.237447817,0.263537106,0.203086316,0.28899007
0.241902086,0.257173865,0.191632482,0.289626394
0.243174734,0.232357225,0.197359399,0.292808014
0.246356355,0.218358094,0.211358529,0.294080662
0.255264892,0.221539715,0.201177344,0.293444338
0.262264457,0.232357225,0.186541889,0.291535366
0.268627698,0.236811493,0.218358094,0.283263153
0.259082837,0.241265762,0.266082402,0.268627698
0.246356355,0.23935679,0.285808449,0.25653754
0.238084142,0.232357225,0.277536236,0.255264892
0.241265762,0.206904261,0.259082837,0.25653754
0.249537975,0.196086751,0.246992679,0.246992679
0.255264892,0.201813668,0.240629438,0.232993549
0.263537106,0.209449557,0.244447383,0.220267067
0.281990504,0.221539715,0.25335592,0.198632047
0.287081097,0.231720901,0.257810189,0.185269241
0.287717421,0.217085446,0.259082837,0.17572438
0.288353745,0.199904695,0.257810189,0.160452601
0.290262718,0.199268371,0.247629003,0.161088925
0.297262283,0.215812798,0.236175169,0.168724815
0.297262283,0.211994853,0.237447817,0.179542324
0.296625959,0.217085446,0.248901651,0.194177779
0.285172125,0.259719161,0.262900781,0.206267936
0.266718726,0.303625524,0.271809319,0.221539715
0.250810624,0.328442164,0.268627698,0.231720901
0.246992679,0.364712638,0.269264022,0.233629873
0.234266197,0.393347222,0.297898607,0.246992679
0.211358529,0.39461987,0.34180497,0.259719161
0.187814538,0.367257934,0.359622045,0.262900781
0.179542324,0.319533626,0.334805405,0.259082837
0.182087621,0.266082402,0.312534061,0.260991809
0.187814538,0.218358094,0.295989635,0.266082402
0.191632482,0.210085881,0.273718291,0.267991374
0.201177344,0.220903391,0.236175169,0.26735505
0.210722205,0.210085881,0.198632047,0.275627263
0.213903826,0.196086751,0.157907305,0.283263153
0.211358529,0.206267936,0.129909044,0.283263153
0.216449122,0.218994418,0.12927272,0.292808014
0.224721335,0.234902521,0.149635092,0.297262283
0.224721335,0.25653754,0.178906,0.296625959
0.234902521,0.283263153,0.219630743,0.290899042
0.245720031,0.289626394,0.247629003,0.283263153
0.26735505,0.263537106,0.286444773,0.27817256
0.283899477,0.250174299,0.323351571,0.274354615
0.284535801,0.250174299,0.338623349,0.268627698
0.269900347,0.248265327,0.319533626,0.266718726
0.260991809,0.241902086,0.294080662,0.262900781
0.264809754,0.245083707,0.249537975,0.264809754
0.270536671,0.234902521,0.186541889,0.260355485
0.264809754,0.219630743,0.162997898,0.258446513
0.249537975,0.209449557,0.166179518,0.25653754
0.240629438,0.21454015,0.159179953,0.251446948
0.23935679,0.209449557,0.167452166,0.232993549
0.231720901,0.204995288,0.185269241,0.220903391
0.223448687,0.196086751,0.198632047,0.207540585
0.222812363,0.182723945,0.208813233,0.194177779
0.223448687,0.181451297,0.245720031,0.182723945
0.229175604,0.198632047,0.272445643,0.16490687
0.238720466,0.231084576,0.271172995,0.153453036
0.252719596,0.251446948,0.262900781,0.153453036
0.26417343,0.24253841,0.259719161,0.172542759
0.273718291,0.237447817,0.26417343,0.194177779
0.276263588,0.245083707,0.275627263,0.218994418
0.274990939,0.26735505,0.295353311,0.238720466
0.26735505,0.288353745,0.303625524,0.248265327
0.26417343,0.285172125,0.306807144,0.255264892
0.255901216,0.291535366,0.310625089,0.26735505
0.250174299,0.290899042,0.297262283,0.270536671
0.252083272,0.280081532,0.270536671,0.272445643
0.250810624,0.265446078,0.269900347,0.271172995
0.260991809,0.258446513,0.316352006,0.269264022
0.262264457,0.251446948,0.332896433,0.264809754
0.250174299,0.24253841,0.304261848,0.266718726
0.224085011,0.260991809,0.261628133,0.265446078
0.222176039,0.251446948,0.220903391,0.269900347
0.223448687,0.21454015,0.19290513,0.280081532
0.217085446,0.207540585,0.180814972,0.283263153
0.210085881,0.229811928,0.155998333,0.295353311
0.238084142,0.266718726,0.138817582,0.297898607
0.265446078,0.285172125,0.134999637,0.29217169
0.28135418,0.285172125,0.154725684,0.290262718
0.287717421,0.283899477,0.180814972,0.285172125
0.285172125,0.275627263,0.20054102,0.277536236
0.269900347,0.260991809,0.234902521,0.269900347
0.250174299,0.262900781,0.257810189,0.267991374
0.22853928,0.249537975,0.265446078,0.26417343
0.224085011,0.227902956,0.275627263,0.255264892
0.229811928,0.218358094,0.287081097,0.247629003
0.235538845,0.209449557,0.292808014,0.251446948
0.236175169,0.208176909,0.295353311,0.262264457
0.224721335,0.220903391,0.297898607,0.264809754
0.229811928,0.236175169,0.313806709,0.257810189
0.252719596,0.269900347,0.330351136,0.247629003
0.273718291,0.293444338,0.334169081,0.238720466
0.271809319,0.284535801,0.334169081,0.219630743
0.26735505,0.251446948,0.319533626,0.192268806
0.260355485,0.210722205,0.29217169,0.173815407
0.243174734,0.18972351,0.271809319,0.166179518
0.227266632,0.185905565,0.254628568,0.164270546
0.213267502,0.176360704,0.218358094,0.168724815
0.212631177,0.173179083,0.19290513,0.181451297
0.222176039,0.178269676,0.187178213,0.193541454
0.21772177,0.209449557,0.183996593,0.206904261
0.210085881,0.252719596,0.176997028,0.213267502
0.204358964,0.285808449,0.156634657,0.225993984
0.213903826,0.304261848,0.149635092,0.240629438
0.231720901,0.338623349,0.178269676,0.252083272
0.246356355,0.349440859,0.250174299,0.258446513
0.241265762,0.343713942,0.318897302,0.255901216
0.222176039,0.328442164,0.346895563,0.25653754
0.224085011,0.293444338,0.337350701,0.262264457
0.244447383,0.25653754,0.311261413,0.259082837
0.272445643,0.245083707,0.290899042,0.260355485
0.297898607,0.24253841,0.259082837,0.269264022
0.311897737,0.229811928,0.217085446,0.276899912
0.307443468,0.229811928,0.183360269,0.285172125
0.299171255,0.245720031,0.163634222,0.290262718
0.294080662,0.271809319,0.170633787,0.299171255
0.287081097,0.275627263,0.173815407,0.298534931
0.27817256,0.270536671,0.161088925,0.294716986
0.26417343,0.266718726,0.150271416,0.291535366
0.25335592,0.268627698,0.156634657,0.28899007
0.248265327,0.250810624,0.183996593,0.28899007
0.249537975,0.220267067,0.216449122,0.282626829
0.255264892,0.212631177,0.224085011,0.272445643
0.257173865,0.211994853,0.231084576,0.268627698
0.257173865,0.21772177,0.270536671,0.265446078
0.251446948,0.227266632,0.311897737,0.262900781
0.237447817,0.225993984,0.313806709,0.259719161
0.220903391,0.20054102,0.308716117,0.25335592
0.213267502,0.178906,0.320806275,0.250174299
0.223448687,0.182087621,0.331623784,0.24253841
0.233629873,0.183996593,0.364076313,0.229811928
0.240629438,0.202449992,0.407346352,0.224721335
0.233629873,0.21772177,0.407346352,0.210722205
0.229175604,0.227902956,0.407982676,0.192268806
0.229175604,0.243811058,0.423254455,0.175088056
0.234902521,0.244447383,0.402255759,0.162361574
0.237447817,0.232357225,0.320806275,0.158543629
0.251446948,0.216449122,0.243811058,0.166815842
0.258446513,0.209449557,0.176997028,0.181451297
0.262264457,0.216449122,0.131181693,0.197359399
0.262264457,0.24253841,0.079003116,0.21454015
0.261628133,0.259719161,0.027460864,0.236175169
0.262264457,0.273718291,0.035096753,0.247629003
0.260355485,0.288353745,0.098092839,0.254628568
0.255264892,0.311261413,0.15090774,0.260355485
0.247629003,0.329714812,0.162997898,0.262900781
0.24253841,0.336714377,0.165543194,0.261628133
0.234902521,0.344350266,0.188450862,0.260991809
0.222176039,0.339259674,0.227266632,0.257173865
0.231084576,0.332260108,0.255901216,0.262900781
0.239993114,0.317624654,0.280717856,0.271809319
0.255901216,0.283263153,0.275627263,0.276263588
0.258446513,0.254628568,0.25653754,0.290262718
0.252719596,0.241265762,0.245720031,0.301080227
0.255901216,0.236811493,0.258446513,0.301080227
0.25653754,0.236175169,0.285172125,0.300443903
0.254628568,0.215812798,0.287081097,0.286444773
0.230448252,0.187814538,0.263537106,0.282626829
0.222812363,0.185269241,0.227902956,0.27817256
0.231720901,0.190996158,0.210722205,0.275627263
0.245083707,0.20054102,0.217085446,0.268627698
0.25335592,0.208813233,0.227902956,0.268627698
0.246992679,0.225993984,0.231084576,0.266082402
0.250174299,0.241902086,0.223448687,0.262264457
0.265446078,0.252719596,0.231720901,0.254628568
0.263537106,0.247629003,0.250810624,0.252719596
0.26735505,0.236175169,0.266718726,0.246992679
0.259719161,0.237447817,0.263537106,0.243174734
0.252083272,0.244447383,0.252719596,0.245083707
0.252719596,0.257810189,0.248265327,0.245720031
0.255901216,0.275627263,0.250174299,0.241265762
0.263537106,0.271809319,0.262264457,0.233629873
0.266718726,0.263537106,0.27817256,0.215176474
0.267991374,0.252083272,0.288353745,0.193541454
0.270536671,0.225993984,0.283263153,0.178906
0.257173865,0.186541889,0.264809754,0.165543194
0.233629873,0.158543629,0.24253841,0.163634222
0.21454015,0.149635092,0.229811928,0.173815407
0.222812363,0.16808849,0.225993984,0.189087186
0.24253841,0.180814972,0.254628568,0.201177344
0.257810189,0.213267502,0.283263153,0.213903826
0.262900781,0.250810624,0.290899042,0.231720901
0.260991809,0.266718726,0.298534931,0.24253841
0.249537975,0.283263153,0.30617082,0.249537975
0.236175169,0.308079793,0.287081097,0.260355485
0.226630308,0.324624219,0.296625959,0.262264457
0.216449122,0.318260978,0.318897302,0.264809754
0.221539715,0.314443034,0.349440859,0.259082837
0.222176039,0.311897737,0.353258804,0.257810189
0.218358094,0.310625089,0.314443034,0.265446078
0.22853928,0.307443468,0.278808884,0.274354615
0.232993549,0.297898607,0.268627698,0.28899007
0.234902521,0.27817256,0.275627263,0.3029892
0.255264892,0.259719161,0.266718726,0.304898172
0.272445643,0.257810189,0.246356355,0.288353745
0.281990504,0.24253841,0.231720901,0.277536236
0.284535801,0.212631177,0.220903391,0.269264022
0.276899912,0.201813668,0.203086316,0.261628133
0.257810189,0.218994418,0.174451731,0.255264892
0.238084142,0.236175169,0.140726554,0.259719161
0.236175169,0.238084142,0.129909044,0.262900781
0.239993114,0.233629873,0.146453471,0.266718726
0.233629873,0.234266197,0.187814538,0.269264022
0.217085446,0.227266632,0.240629438,0.267991374
0.212631177,0.223448687,0.285172125,0.269264022
0.219630743,0.215812798,0.304261848,0.26735505
0.239993114,0.211994853,0.301716552,0.263537106
0.249537975,0.215176474,0.293444338,0.257173865
0.249537975,0.22853928,0.281990504,0.257810189
0.226630308,0.236811493,0.25335592,0.250174299
0.20054102,0.238720466,0.213267502,0.241265762
0.179542324,0.253992244,0.161088925,0.230448252
0.160452601,0.260991809,0.139453906,0.208813233
0.161725249,0.252719596,0.159816277,0.188450862
0.17572438,0.231720901,0.199268371,0.172542759
0.218994418,0.208176909,0.227266632,0.162361574
0.258446513,0.190996158,0.250174299,0.155362008
0.28135418,0.177633352,0.273718291,0.162361574
0.285808449,0.16808849,0.288353745,0.17572438
0.285808449,0.170633787,0.295353311,0.193541454
0.290899042,0.213903826,0.283899477,0.212631177
0.297262283,0.261628133,0.273081967,0.229811928
0.304261848,0.298534931,0.272445643,0.24253841
0.296625959,0.330351136,0.267991374,0.259082837
0.27817256,0.351349831,0.248265327,0.275627263
0.26735505,0.369166906,0.248265327,0.283263153
0.266082402,0.360258369,0.250810624,0.287717421
0.279445208,0.346895563,0.232357225,0.284535801
0.290262718,0.332896433,0.212631177,0.27817256
0.278808884,0.318897302,0.20054102,0.271172995
0.258446513,0.298534931,0.230448252,0.269900347
0.25653754,0.272445643,0.232357225,0.276263588
0.270536671,0.237447817,0.212631177,0.290899042
0.267991374,0.224085011,0.197359399,0.304898172
0.257173865,0.234902521,0.20054102,0.299171255
0.257173865,0.227902956,0.222176039,0.29217169
0.264809754,0.220267067,0.245720031,0.284535801
0.262900781,0.240629438,0.259082837,0.276263588
0.252083272,0.245083707,0.259719161,0.265446078
0.234902521,0.231084576,0.262900781,0.259719161
0.22853928,0.236811493,0.264809754,0.257173865
0.227266632,0.238720466,0.262900781,0.255264892
0.221539715,0.22853928,0.252719596,0.252719596
0.21772177,0.224085011,0.245083707,0.257173865
0.211358529,0.236175169,0.243174734,0.257173865
0.201813668,0.244447383,0.238084142,0.251446948
0.21454015,0.225993984,0.237447817,0.253992244
0.232357225,0.222176039,0.231720901,0.253992244
0.23935679,0.22853928,0.237447817,0.245083707
0.248901651,0.236175169,0.252719596,0.238084142
0.25653754,0.238084142,0.267991374,0.234902521
0.25653754,0.226630308,0.280717856,0.229175604
0.252719596,0.206904261,0.283899477,0.21454015
0.259082837,0.190996158,0.273718291,0.195450427
0.260355485,0.16808849,0.26735505,0.183996593
0.24253841,0.178906,0.262264457,0.175088056
0.232357225,0.209449557,0.250174299,0.166179518
0.225993984,0.231720901,0.24253841,0.165543194
0.224085011,0.246356355,0.25653754,0.181451297
0.224085011,0.260991809,0.289626394,0.20054102
0.229811928,0.278808884,0.344350266,0.21772177
0.240629438,0.284535801,0.374257499,0.232993549
0.25653754,0.276899912,0.383802361,0.24253841
0.258446513,0.283263153,0.383802361,0.250174299
0.262264457,0.315079358,0.358985721,0.258446513
0.264809754,0.334169081,0.319533626,0.262264457
0.253992244,0.339259674,0.276899912,0.263537106
0.237447817,0.329078488,0.260355485,0.264809754
0.232357225,0.323351571,0.23935679,0.26417343
0.241265762,0.321442599,0.183996593,0.263537106
0.248265327,0.320806275,0.119727859,0.266082402
0.255264892,0.315715682,0.101910784,0.273718291
0.265446078,0.280717856,0.146453471,0.295353311
0.264809754,0.245720031,0.190996158,0.311261413
0.270536671,0.234266197,0.205631612,0.30617082
0.271172995,0.20372264,0.208813233,0.293444338
0.257810189,0.166179518,0.237447817,0.285808449
0.246356355,0.155362008,0.265446078,0.27817256
0.241902086,0.168724815,0.273081967,0.26735505
0.234902521,0.17572438,0.24253841,0.262264457
0.236811493,0.178906,0.217085446,0.25335592
0.241265762,0.172542759,0.234902521,0.251446948
0.250174299,0.171270111,0.225357659,0.251446948
0.257173865,0.168724815,0.209449557,0.250810624
0.259719161,0.177633352,0.178269676,0.250174299
0.252083272,0.198632047,0.115909914,0.252719596
0.248265327,0.217085446,0.100638136,0.254628568
0.249537975,0.230448252,0.144544499,0.260355485
0.248265327,0.239993114,0.193541454,0.262900781
0.243174734,0.246356355,0.225993984,0.266718726
0.237447817,0.236811493,0.241265762,0.26417343
0.239993114,0.224721335,0.255264892,0.257810189
0.247629003,0.213267502,0.268627698,0.239993114
0.269900347,0.208813233,0.271809319,0.217085446
0.278808884,0.205631612,0.250810624,0.199268371
0.276899912,0.211994853,0.237447817,0.182087621
0.276263588,0.213903826,0.243174734,0.171270111
0.276899912,0.21454015,0.260355485,0.171270111
0.283899477,0.215176474,0.283899477,0.183360269
0.280081532,0.231720901,0.307443468,0.196723075
0.264809754,0.268627698,0.308079793,0.211994853
0.250174299,0.302352876,0.301716552,0.221539715
0.237447817,0.311261413,0.30617082,0.233629873
0.224085011,0.313170385,0.323351571,0.248901651
0.211358529,0.333532757,0.327169516,0.262264457
0.206267936,0.345622915,0.304898172,0.26735505
0.216449122,0.326533192,0.280081532,0.262264457
0.234266197,0.30617082,0.268627698,0.259719161
0.245083707,0.29217169,0.272445643,0.261628133
0.234902521,0.287717421,0.262900781,0.259082837
0.220903391,0.272445643,0.262264457,0.261628133
0.222176039,0.24253841,0.270536671,0.268627698
0.245720031,0.213903826,0.271172995,0.284535801
0.25653754,0.209449557,0.266718726,0.299171255
0.25335592,0.232357225,0.244447383,0.293444338
0.246992679,0.25335592,0.218994418,0.283899477
0.245720031,0.251446948,0.203086316,0.284535801
0.239993114,0.248901651,0.208813233,0.278808884
0.232357225,0.261628133,0.21772177,0.269900347
0.227902956,0.274354615,0.217085446,0.26417343
0.218358094,0.280717856,0.206267936,0.25653754
0.204995288,0.280081532,0.209449557,0.257810189
0.201813668,0.274990939,0.21454015,0.255264892
0.204358964,0.259719161,0.220903391,0.250174299
0.216449122,0.231084576,0.234902521,0.247629003
0.227266632,0.194814103,0.276263588,0.252719596
0.250174299,0.184632917,0.309352441,0.257173865
0.266082402,0.178269676,0.295989635,0.263537106
0.273718291,0.196086751,0.243174734,0.266718726
0.288353745,0.218358094,0.189087186,0.260355485
0.28899007,0.222176039,0.180178648,0.246356355
0.280717856,0.226630308,0.182087621,0.234266197
0.280717856,0.234902521,0.159816277,0.217085446
0.28899007,0.246992679,0.143908175,0.201177344
0.293444338,0.270536671,0.199268371,0.191632482
0.297262283,0.277536236,0.257173865,0.182087621
0.29217169,0.265446078,0.259719161,0.176997028
0.269264022,0.236175169,0.229175604,0.183360269
0.262264457,0.210722205,0.216449122,0.192268806
0.258446513,0.206904261,0.222176039,0.201177344
0.254628568,0.196086751,0.243174734,0.211358529
0.223448687,0.210722205,0.27817256,0.221539715
0.199904695,0.262900781,0.30617082,0.232993549
0.208176909,0.314443034,0.318897302,0.255264892
0.220903391,0.336714377,0.323987895,0.263537106
0.210722205,0.332260108,0.315079358,0.259719161
0.187178213,0.315715682,0.311897737,0.255264892
0.181451297,0.3029892,0.313806709,0.255264892
0.187814538,0.301080227,0.317624654,0.252719596
0.201813668,0.299171255,0.313170385,0.253992244
0.210722205,0.288353745,0.293444338,0.260355485
0.223448687,0.260355485,0.279445208,0.262264457
0.245083707,0.231720901,0.276899912,0.262900781
0.262264457,0.222176039,0.265446078,0.267991374
0.287081097,0.220267067,0.255264892,0.275627263
0.310625089,0.231720901,0.231084576,0.292808014
0.317624654,0.236175169,0.227902956,0.298534931
0.306807144,0.21454015,0.231720901,0.293444338
0.293444338,0.201813668,0.231084576,0.282626829
0.271809319,0.208813233,0.238084142,0.272445643
0.255264892,0.216449122,0.227266632,0.266082402
0.243811058,0.234902521,0.210085881,0.259082837
0.230448252,0.257810189,0.172542759,0.259719161
0.21772177,0.257810189,0.14009023,0.255264892
0.21772177,0.245083707,0.147089795,0.255264892
0.213267502,0.218994418,0.182087621,0.257810189
0.207540585,0.199268371,0.227902956,0.262900781
0.205631612,0.191632482,0.252719596,0.265446078
0.213267502,0.202449992,0.255901216,0.269900347
0.245720031,0.227266632,0.25653754,0.268627698
0.281990504,0.23935679,0.259719161,0.261628133
0.30617082,0.241265762,0.27817256,0.250810624
0.310625089,0.227266632,0.307443468,0.227902956
0.301716552,0.220903391,0.323351571,0.204358964
0.28135418,0.219630743,0.321442599,0.189087186
0.25335592,0.215812798,0.297262283,0.176360704
0.235538845,0.210085881,0.269264022,0.168724815
0.236175169,0.189087186,0.248265327,0.17572438
0.241265762,0.174451731,0.204995288,0.184632917
0.245720031,0.194177779,0.140726554,0.19290513
0.251446948,0.229175604,0.134363313,0.206267936
0.255901216,0.245720031,0.183996593,0.222812363
0.258446513,0.223448687,0.269900347,0.234902521
0.250810624,0.227266632,0.332896433,0.247629003
0.231084576,0.279445208,0.34180497,0.255264892
0.222176039,0.324624219,0.324624219,0.259719161
0.222176039,0.34498659,0.302352876,0.260991809
0.229811928,0.35262248,0.282626829,0.262900781
0.231720901,0.356440424,0.262264457,0.257810189
0.218994418,0.348804535,0.250810624,0.25653754
0.227266632,0.336078053,0.236175169,0.257173865
0.245083707,0.326533192,0.216449122,0.262264457
0.259082837,0.308716117,0.189087186,0.266082402
0.266082402,0.285172125,0.18972351,0.274990939
0.27817256,0.270536671,0.215812798,0.283263153
0.285808449,0.26735505,0.237447817,0.295989635
0.276263588,0.257173865,0.265446078,0.302352876
0.262264457,0.253992244,0.287717421,0.299807579
0.235538845,0.25335592,0.292808014,0.292808014
0.216449122,0.232357225,0.272445643,0.285172125
0.204358964,0.211994853,0.253992244,0.27817256
0.206904261,0.211994853,0.232993549,0.269900347
0.222176039,0.212631177,0.201813668,0.264809754
0.244447383,0.20054102,0.161725249,0.257810189
0.255264892,0.179542324,0.144544499,0.262900781
0.260991809,0.178269676,0.165543194,0.266082402
0.26417343,0.196723075,0.210722205,0.259719161
0.259082837,0.220903391,0.222176039,0.259719161
0.249537975,0.227902956,0.220267067,0.257810189
0.249537975,0.241265762,0.213903826,0.251446948
0.249537975,0.243174734,0.219630743,0.241902086
0.250174299,0.238720466,0.215812798,0.232993549
0.257810189,0.232993549,0.218994418,0.217085446
0.268627698,0.21772177,0.24253841,0.194814103
0.269264022,0.207540585,0.272445643,0.183360269
0.255901216,0.202449992,0.282626829,0.169997463
0.222176039,0.202449992,0.276899912,0.163634222
0.222176039,0.196723075,0.261628133,0.159816277
0.234266197,0.196723075,0.265446078,0.164270546
0.236811493,0.222176039,0.283263153,0.178269676
0.234266197,0.265446078,0.305534496,0.194177779
0.232357225,0.303625524,0.319533626,0.215812798
0.238720466,0.325896867,0.297898607,0.238084142
0.248265327,0.339259674,0.258446513,0.259719161
0.255264892,0.347531887,0.245083707,0.267991374
0.266718726,0.342441294,0.273081967,0.272445643
0.260991809,0.328442164,0.312534061,0.264809754
0.248901651,0.322715247,0.339259674,0.26417343
0.241902086,0.311261413,0.325896867,0.258446513
0.233629873,0.278808884,0.271809319,0.257810189
0.234266197,0.258446513,0.227902956,0.257810189
0.245720031,0.266718726,0.231084576,0.255264892
0.260991809,0.286444773,0.276263588,0.262900781
0.257810189,0.26735505,0.323351571,0.283263153
0.239993114,0.241265762,0.302352876,0.292808014
0.232993549,0.231720901,0.236175169,0.298534931
0.249537975,0.225993984,0.176360704,0.3029892
0.274354615,0.224721335,0.131818017,0.299171255
0.281990504,0.241902086,0.1260911,0.288353745
0.270536671,0.270536671,0.154725684,0.274990939
0.248265327,0.290262718,0.177633352,0.266718726
0.217085446,0.279445208,0.210722205,0.259082837
0.201813668,0.253992244,0.247629003,0.255264892
0.194177779,0.229175604,0.266718726,0.247629003
0.199268371,0.206904261,0.272445643,0.252083272
0.206904261,0.20054102,0.28135418,0.259719161
0.205631612,0.205631612,0.275627263,0.266082402
0.208813233,0.204358964,0.248265327,0.268627698
0.222176039,0.198632047,0.196723075,0.269900347
0.24253841,0.185905565,0.178906,0.264809754
0.259082837,0.183996593,0.20054102,0.253992244
0.269900347,0.187178213,0.229811928,0.24253841
0.280717856,0.187178213,0.231720901,0.225993984
0.294716986,0.194177779,0.245083707,0.204358964
0.299807579,0.210085881,0.276263588,0.189087186
0.284535801,0.189087186,0.30617082,0.180814972
0.271172995,0.142635526,0.329714812,0.169361139
0.277536236,0.112728294,0.312534061,0.17572438
0.283263153,0.114000942,0.298534931,0.187814538
0.282626829,0.144544499,0.305534496,0.203086316
0.279445208,0.178906,0.328442164,0.21454015
0.275627263,0.21454015,0.336078053,0.225357659
0.275627263,0.252083272,0.341168646,0.241902086
0.275627263,0.280081532,0.334169081,0.255901216
0.268627698,0.311261413,0.325260543,0.259719161
0.252719596,0.334169081,0.300443903,0.266718726
0.238720466,0.346895563,0.25653754,0.266082402
0.236811493,0.364712638,0.186541889,0.258446513
0.231720901,0.375530147,0.168724815,0.257173865
0.226630308,0.362167341,0.180814972,0.255901216
0.221539715,0.342441294,0.158543629,0.255901216
0.227266632,0.333532757,0.11209197,0.257173865
0.238720466,0.319533626,0.098092839,0.26735505
0.24253841,0.291535366,0.148362443,0.286444773
0.241265762,0.271809319,0.225357659,0.298534931
0.250810624,0.26417343,0.267991374,0.299807579
0.265446078,0.270536671,0.249537975,0.293444338
0.267991374,0.283263153,0.211358529,0.27817256
0.257810189,0.283263153,0.173179083,0.265446078
0.258446513,0.266718726,0.155998333,0.259719161
0.255901216,0.24253841,0.146453471,0.255264892
0.246992679,0.223448687,0.167452166,0.248901651
0.234902521,0.224085011,0.21772177,0.247629003
0.234266197,0.243174734,0.254628568,0.246356355
0.243811058,0.267991374,0.271172995,0.250810624
0.251446948,0.258446513,0.27817256,0.249537975
0.251446948,0.237447817,0.294716986,0.252719596
0.248265327,0.231084576,0.309352441,0.257173865
0.247629003,0.220267067,0.316352006,0.255264892
0.245720031,0.166815842,0.313170385,0.252719596
0.243174734,0.131181693,0.310625089,0.243174734
0.232357225,0.148998767,0.302352876,0.232357225
0.207540585,0.201813668,0.286444773,0.211994853
0.185269241,0.237447817,0.269900347,0.187178213
0.171270111,0.222812363,0.274990939,0.180178648
0.173815407,0.19290513,0.287717421,0.184632917
0.186541889,0.181451297,0.288353745,0.185905565
0.204358964,0.187178213,0.285808449,0.190359834
0.215176474,0.189087186,0.272445643,0.197995723
0.227902956,0.210085881,0.259719161,0.210722205
0.24253841,0.243174734,0.235538845,0.225357659
0.243811058,0.269264022,0.19290513,0.238084142
0.250810624,0.28135418,0.162361574,0.248901651
0.267991374,0.290899042,0.193541454,0.260355485
0.272445643,0.29217169,0.255264892,0.257810189
0.278808884,0.281990504,0.294716986,0.258446513
0.28899007,0.294080662,0.30617082,0.254628568
0.293444338,0.309988765,0.295989635,0.253992244
0.294716986,0.316352006,0.295989635,0.25653754
0.299171255,0.304898172,0.301080227,0.262900781
0.297898607,0.292808014,0.288353745,0.267991374
0.273718291,0.283899477,0.239993114,0.271172995
0.246992679,0.268627698,0.210722205,0.288353745
0.218994418,0.257173865,0.216449122,0.303625524
0.206267936,0.267991374,0.217085446,0.306807144
0.21454015,0.290262718,0.21772177,0.307443468
0.225993984,0.298534931,0.213267502,0.293444338
0.231720901,0.295989635,0.185269241,0.28135418
0.236175169,0.288353745,0.155362008,0.270536671
0.246992679,0.263537106,0.183996593,0.262900781
0.254628568,0.238084142,0.238084142,0.255264892
0.271809319,0.21454015,0.249537975,0.25335592
0.284535801,0.217085446,0.238084142,0.246992679
0.292808014,0.231720901,0.218994418,0.245083707
0.287081097,0.252083272,0.20372264,0.245083707
0.273718291,0.272445643,0.210722205,0.241902086
0.26735505,0.26417343,0.231720901,0.245083707
0.262900781,0.248265327,0.263537106,0.243174734
0.263537106,0.240629438,0.297898607,0.245083707
0.269264022,0.229811928,0.318897302,0.248901651
0.270536671,0.227902956,0.320806275,0.247629003
0.25653754,0.21454015,0.30617082,0.238084142
0.243174734,0.182723945,0.286444773,0.219630743
0.238084142,0.159816277,0.280717856,0.198632047
0.229175604,0.140726554,0.289626394,0.185905565
0.219630743,0.128000072,0.250810624,0.173179083
0.229811928,0.148362443,0.201177344,0.170633787
0.235538845,0.194814103,0.173815407,0.173815407
0.23935679,0.240629438,0.171270111,0.187178213
0.232993549,0.25335592,0.155362008,0.202449992
0.227266632,0.250810624,0.169361139,0.221539715
0.218994418,0.25335592,0.204995288,0.239993114
0.226630308,0.250174299,0.239993114,0.253992244
0.234266197,0.254628568,0.259719161,0.268627698
0.229811928,0.27817256,0.282626829,0.274354615
0.222176039,0.303625524,0.302352876,0.276899912
0.229811928,0.304898172,0.318897302,0.271172995
0.236811493,0.311261413,0.31698833,0.266082402
0.225993984,0.311897737,0.297898607,0.266082402
0.207540585,0.295989635,0.26735505,0.268627698
0.211994853,0.281990504,0.245720031,0.26735505
0.22853928,0.277536236,0.238084142,0.275627263
0.247629003,0.270536671,0.238720466,0.28899007
0.26735505,0.252719596,0.257810189,0.299807579
0.284535801,0.250810624,0.284535801,0.296625959
0.297898607,0.247629003,0.318897302,0.287717421
0.292808014,0.246356355,0.313170385,0.280717856
0.274990939,0.259719161,0.280717856,0.271809319
0.262900781,0.283263153,0.241902086,0.25335592
0.248901651,0.272445643,0.211358529,0.246992679
0.236811493,0.250174299,0.190359834,0.250174299
0.224085011,0.246356355,0.173815407,0.250810624
0.216449122,0.238720466,0.127363748,0.251446948
0.219630743,0.211994853,0.07645782,0.252083272
0.232357225,0.187178213,0.137544934,0.255901216
0.23935679,0.183996593,0.20372264,0.261628133
0.24253841,0.197359399,0.225357659,0.259082837
0.247629003,0.211994853,0.213903826,0.259719161
0.236811493,0.211994853,0.216449122,0.252719596
0.233629873,0.204358964,0.231084576,0.247629003
0.238084142,0.183360269,0.246356355,0.241902086
0.233629873,0.185269241,0.288353745,0.234902521
0.23935679,0.216449122,0.346895563,0.222176039
0.259082837,0.24253841,0.359622045,0.206267936
0.270536671,0.234902521,0.334805405,0.187814538
0.26735505,0.210722205,0.288353745,0.177633352
0.259719161,0.189087186,0.255901216,0.170633787
0.259719161,0.176997028,0.230448252,0.173815407
0.268627698,0.196723075,0.221539715,0.181451297
0.286444773,0.222176039,0.231084576,0.194177779
0.295989635,0.244447383,0.252719596,0.210722205
0.295353311,0.27817256,0.26417343,0.231084576
0.287717421,0.30617082,0.265446078,0.247629003
0.291535366,0.328442164,0.276263588,0.264809754
0.29217169,0.346895563,0.299807579,0.273081967
0.278808884,0.349440859,0.313806709,0.270536671
0.250174299,0.359622045,0.295989635,0.264809754
0.234266197,0.362167341,0.26735505,0.261628133
0.236811493,0.349440859,0.262900781,0.262900781
0.233629873,0.33098746,0.286444773,0.261628133
0.222812363,0.317624654,0.279445208,0.259082837
0.229811928,0.308716117,0.261628133,0.265446078
0.245083707,0.296625959,0.261628133,0.281990504
0.237447817,0.266718726,0.252719596,0.298534931
0.231720901,0.236811493,0.239993114,0.302352876
0.222176039,0.21454015,0.245720031,0.296625959
0.22853928,0.199268371,0.250174299,0.28899007
0.231720901,0.222176039,0.252719596,0.284535801
0.231720901,0.229811928,0.262264457,0.276899912
0.236811493,0.225357659,0.273081967,0.266082402
0.238084142,0.201177344,0.260991809,0.262264457
0.236811493,0.199904695,0.223448687,0.255264892
0.234902521,0.234266197,0.183996593,0.255901216
0.246356355,0.246992679,0.166815842,0.260355485
0.260991809,0.222812363,0.187814538,0.259082837
0.259082837,0.185905565,0.219630743,0.255264892
0.25653754,0.155998333,0.219630743,0.252719596
0.260991809,0.162361574,0.194814103,0.247629003
0.266082402,0.166815842,0.182723945,0.243811058
0.25653754,0.150271416,0.171906435,0.24253841
0.233629873,0.164270546,0.183996593,0.243811058
0.222176039,0.188450862,0.216449122,0.239993114
0.221539715,0.216449122,0.240629438,0.219630743
0.222812363,0.232993549,0.259719161,0.196723075
0.241902086,0.236175169,0.274990939,0.185905565
0.262264457,0.224085011,0.262900781,0.177633352
0.272445643,0.218994418,0.265446078,0.173179083
0.263537106,0.218994418,0.273081967,0.180178648
0.248265327,0.218358094,0.267991374,0.19290513
0.238084142,0.222176039,0.264809754,0.204995288
0.231720901,0.251446948,0.27817256,0.222176039
0.221539715,0.295989635,0.287081097,0.225993984
0.212631177,0.328442164,0.29217169,0.231720901
0.219630743,0.350713507,0.296625959,0.245720031
0.231720901,0.349440859,0.29217169,0.260991809
0.238720466,0.339895998,0.25653754,0.269900347
0.236811493,0.329714812,0.237447817,0.273081967
0.232993549,0.334169081,0.266718726,0.276899912
0.24253841,0.319533626,0.309352441,0.273081967
0.246992679,0.292808014,0.305534496,0.267991374
0.259082837,0.287717421,0.262900781,0.259082837
0.270536671,0.288353745,0.205631612,0.257810189
0.280081532,0.278808884,0.191632482,0.27817256
0.281990504,0.270536671,0.204358964,0.295353311
0.276263588,0.269900347,0.216449122,0.295989635
0.271172995,0.273718291,0.219630743,0.282626829
0.270536671,0.268627698,0.224721335,0.277536236
0.271172995,0.257810189,0.258446513,0.271172995
0.257173865,0.246356355,0.280081532,0.269900347
0.252083272,0.22853928,0.275627263,0.262264457
0.250174299,0.213267502,0.257810189,0.261628133
0.246992679,0.196086751,0.250810624,0.260355485
0.229811928,0.20372264,0.225357659,0.261628133
0.220267067,0.221539715,0.195450427,0.261628133
0.196723075,0.221539715,0.248265327,0.251446948
0.190996158,0.213903826,0.289626394,0.243811058
0.225993984,0.216449122,0.274990939,0.245083707
0.25653754,0.233629873,0.241265762,0.246992679
0.262900781,0.244447383,0.222176039,0.247629003
0.254628568,0.239993114,0.201813668,0.250174299
0.24253841,0.234266197,0.176360704,0.250174299
0.230448252,0.231720901,0.138181258,0.243174734
0.220903391,0.21772177,0.161725249,0.220903391
0.233629873,0.207540585,0.208813233,0.199268371
0.25335592,0.229175604,0.236811493,0.186541889
0.258446513,0.224721335,0.262900781,0.187178213
0.252083272,0.191632482,0.287081097,0.183996593
0.240629438,0.168724815,0.298534931,0.189087186
0.237447817,0.142635526,0.300443903,0.201177344
0.239993114,0.144544499,0.300443903,0.210085881
0.241902086,0.183996593,0.293444338,0.215812798
0.237447817,0.245720031,0.269900347,0.232357225
0.23935679,0.290899042,0.23935679,0.246356355
0.23935679,0.320806275,0.237447817,0.262900781
0.238084142,0.336078053,0.262900781,0.269264022
0.236811493,0.326533192,0.257173865,0.268627698
0.238720466,0.326533192,0.227266632,0.262900781
0.241265762,0.321442599,0.232357225,0.258446513
0.236811493,0.316352006,0.248265327,0.252719596
0.229811928,0.3029892,0.257173865,0.250174299
0.218994418,0.274990939,0.26417343,0.252083272
0.21454015,0.247629003,0.262900781,0.260355485
0.230448252,0.230448252,0.239993114,0.282626829
0.249537975,0.223448687,0.225993984,0.302352876
0.25653754,0.246992679,0.229811928,0.305534496
0.26735505,0.273081967,0.238084142,0.294080662
0.266082402,0.268627698,0.237447817,0.287081097
0.248265327,0.262900781,0.229175604,0.276899912
0.238084142,0.281990504,0.226630308,0.268627698
0.258446513,0.285172125,0.225993984,0.262264457
0.295353311,0.269264022,0.225357659,0.262264457
0.311897737,0.255264892,0.234902521,0.259082837
0.308079793,0.257810189,0.255264892,0.254628568
0.290899042,0.258446513,0.265446078,0.254628568
0.280081532,0.248265327,0.276263588,0.259082837
0.26735505,0.223448687,0.276899912,0.259719161
0.257173865,0.206904261,0.269900347,0.259082837
0.257173865,0.210722205,0.276263588,0.259082837
0.25335592,0.232993549,0.270536671,0.259082837
0.25653754,0.24253841,0.257173865,0.252083272
